0.0102249 0.0102249 0.0102249 0.0102249 0.0102249 0.0102249 0.0102249 0.0102249 0.0102249 0.0102249 0.0102249 0.0102249 0.0102249 0.0102249 0.0102249 0.0102249 0.0102249 0.0102249 0.0102249 0.0102249 0.0102249 0.0102249 0.0102249 0.0102249 0.0102249 0.0102249 0.0102249 0.0102249 
0.0102249 0.0102249 0.0102249 0.0102249 0.0102249 0.0102249 0.0102249 0.0102249 0.0102249 0.0102249 0.0102249 0.0102249 0.0102249 0.0102249 0.0102249 0.0102249 0.0102249 0.0102249 0.0102249 0.0102249 0.0102249 0.0102249 0.0102249 0.0102249 0.0102249 0.0102249 0.0102249 0.0102249 
0.0102249 0.0102249 0.0102249 0.0102249 0.0102249 0.0102249 0.0102249 0.0102249 0.0102249 0.0102249 0.0102249 0.0102249 0.0102249 0.0102249 0.0102249 0.0102249 0.0102249 0.0102249 0.0102249 0.0102249 0.0102249 0.0102249 0.0102249 0.0102249 0.0102249 0.0102249 0.0102249 0.0102249 
0.0102249 0.0102249 0.0102249 0.0102249 0.0102249 0.0102249 0.0102249 0.0102249 0.0102249 0.0102249 0.0122699 0.0184049 0.0245399 0.0327198 0.0388548 0.0408998 0.0388548 0.0408998 0.0347648 0.0224949 0.0184049 0.0122699 0.0102249 0.0102249 0.0102249 0.0102249 0.0102249 0.0102249 
0.0102249 0.0102249 0.0102249 0.0102249 0.0102249 0.0102249 0.0102249 0.0122699 0.0184049 0.0327198 0.0593047 0.128834 0.214724 0.290389 0.372188 0.423313 0.413088 0.421268 0.359918 0.280164 0.182004 0.118609 0.0715746 0.0327198 0.0143149 0.0102249 0.0102249 0.0102249 
0.0102249 0.0102249 0.0102249 0.0102249 0.0102249 0.0102249 0.0122699 0.0163599 0.0368098 0.0899796 0.190184 0.276074 0.408998 0.558282 0.674847 0.754601 0.770961 0.748466 0.635992 0.519427 0.359918 0.253579 0.134969 0.0633947 0.0184049 0.0102249 0.0102249 0.0102249 
0.0102249 0.0102249 0.0102249 0.0102249 0.0143149 0.0143149 0.0163599 0.0327198 0.0777096 0.194274 0.319018 0.437628 0.584867 0.717791 0.803681 0.871166 0.889571 0.875256 0.801636 0.695297 0.548057 0.372188 0.231084 0.102249 0.0286299 0.0102249 0.0102249 0.0102249 
0.0102249 0.0102249 0.0102249 0.0102249 0.0122699 0.0143149 0.0224949 0.0674847 0.179959 0.308793 0.437628 0.601227 0.752556 0.852761 0.865031 0.885481 0.881391 0.899795 0.871166 0.815951 0.703476 0.511247 0.302658 0.149284 0.0470348 0.0102249 0.0102249 0.0102249 
0.0102249 0.0102249 0.0102249 0.0102249 0.0122699 0.0184049 0.0511247 0.118609 0.259714 0.408998 0.613497 0.728016 0.811861 0.834356 0.805726 0.781186 0.752556 0.791411 0.815951 0.848671 0.754601 0.648262 0.431493 0.202454 0.0777096 0.0102249 0.0102249 0.0102249 
0.0102249 0.0102249 0.0102249 0.0102249 0.0122699 0.0306748 0.0961145 0.231084 0.366053 0.568507 0.736196 0.807771 0.803681 0.742331 0.666667 0.603272 0.572597 0.593047 0.691207 0.799591 0.803681 0.699386 0.535787 0.306748 0.0879346 0.0102249 0.0102249 0.0102249 
0.0102249 0.0102249 0.0102249 0.0102249 0.0122699 0.0654397 0.159509 0.323108 0.509202 0.701432 0.811861 0.815951 0.728016 0.621677 0.507157 0.390593 0.349693 0.413088 0.529652 0.691207 0.801636 0.760736 0.627812 0.390593 0.114519 0.0102249 0.0102249 0.0102249 
0.0102249 0.0102249 0.0102249 0.0102249 0.0184049 0.106339 0.261759 0.443763 0.640082 0.789366 0.801636 0.725971 0.605317 0.449898 0.337423 0.229039 0.192229 0.241309 0.413088 0.609407 0.779141 0.795501 0.670757 0.425358 0.155419 0.0143149 0.0122699 0.0102249 
0.0102249 0.0102249 0.0102249 0.0102249 0.0245399 0.184049 0.366053 0.562372 0.760736 0.822086 0.750511 0.611452 0.441718 0.286299 0.149284 0.0899796 0.0899796 0.171779 0.310838 0.543967 0.748466 0.791411 0.697342 0.462168 0.175869 0.0163599 0.0122699 0.0102249 
0.0102249 0.0102249 0.0122699 0.0102249 0.0470348 0.241309 0.456033 0.670757 0.813906 0.805726 0.668712 0.498978 0.290389 0.159509 0.0756646 0.0490798 0.0531697 0.139059 0.296524 0.498978 0.734151 0.797546 0.680982 0.474438 0.196319 0.0143149 0.0122699 0.0102249 
0.0102249 0.0102249 0.0102249 0.0102249 0.0695297 0.331288 0.570552 0.766871 0.824131 0.746421 0.560327 0.357873 0.177914 0.0777096 0.0368098 0.0265849 0.0490798 0.163599 0.312883 0.533742 0.730061 0.770961 0.670757 0.460123 0.192229 0.0122699 0.0102249 0.0102249 
0.0102249 0.0102249 0.0102249 0.0122699 0.0899796 0.398773 0.640082 0.805726 0.809816 0.695297 0.458078 0.247444 0.100204 0.0429448 0.0143149 0.0245399 0.0695297 0.202454 0.386503 0.588957 0.744376 0.750511 0.621677 0.421268 0.175869 0.0122699 0.0102249 0.0102249 
0.0102249 0.0102249 0.0102249 0.0122699 0.124744 0.445808 0.695297 0.838446 0.803681 0.621677 0.368098 0.153374 0.0756646 0.0265849 0.0204499 0.0613497 0.141104 0.296524 0.498978 0.654397 0.756646 0.711656 0.562372 0.351738 0.145194 0.0122699 0.0102249 0.0102249 
0.0102249 0.0102249 0.0102249 0.0102249 0.163599 0.480573 0.725971 0.838446 0.787321 0.591002 0.339468 0.147239 0.0797546 0.0470348 0.0715746 0.128834 0.261759 0.470348 0.619632 0.736196 0.766871 0.642127 0.460123 0.278119 0.108384 0.0102249 0.0102249 0.0102249 
0.0102249 0.0102249 0.0102249 0.0122699 0.173824 0.480573 0.725971 0.846626 0.799591 0.578732 0.357873 0.206544 0.149284 0.139059 0.188139 0.306748 0.478528 0.627812 0.717791 0.779141 0.693252 0.535787 0.366053 0.190184 0.0797546 0.0122699 0.0102249 0.0102249 
0.0102249 0.0102249 0.0102249 0.0143149 0.161554 0.435583 0.697342 0.840491 0.801636 0.693252 0.525562 0.359918 0.321063 0.335378 0.411043 0.548057 0.656442 0.756646 0.801636 0.736196 0.599182 0.408998 0.253579 0.106339 0.0429448 0.0122699 0.0102249 0.0102249 
0.0102249 0.0102249 0.0102249 0.0143149 0.130879 0.376278 0.609407 0.803681 0.860941 0.822086 0.758691 0.654397 0.627812 0.644172 0.691207 0.754601 0.805726 0.832311 0.770961 0.593047 0.423313 0.298569 0.139059 0.0593047 0.0204499 0.0122699 0.0122699 0.0102249 
0.0102249 0.0102249 0.0102249 0.0122699 0.0920245 0.269939 0.507157 0.713701 0.846626 0.895706 0.89775 0.891616 0.852761 0.830266 0.842536 0.871166 0.856851 0.758691 0.595092 0.433538 0.280164 0.139059 0.0715746 0.0265849 0.0143149 0.0122699 0.0122699 0.0102249 
0.0102249 0.0102249 0.0102249 0.0122699 0.0552147 0.175869 0.343558 0.546012 0.703476 0.826176 0.893661 0.91411 0.912065 0.895706 0.867076 0.813906 0.670757 0.533742 0.370143 0.237219 0.145194 0.0736196 0.0286299 0.0143149 0.0102249 0.0122699 0.0122699 0.0102249 
0.0102249 0.0102249 0.0102249 0.0102249 0.0163599 0.0695297 0.155419 0.292434 0.460123 0.609407 0.730061 0.766871 0.764826 0.736196 0.656442 0.533742 0.398773 0.249489 0.155419 0.0940695 0.0429448 0.0245399 0.0163599 0.0122699 0.0102249 0.0102249 0.0102249 0.0102249 
0.0102249 0.0102249 0.0102249 0.0102249 0.0143149 0.0143149 0.0265849 0.0408998 0.0777096 0.128834 0.163599 0.198364 0.208589 0.196319 0.177914 0.147239 0.0940695 0.0613497 0.0368098 0.0224949 0.0143149 0.0143149 0.0122699 0.0102249 0.0102249 0.0102249 0.0102249 0.0102249 
0.0102249 0.0102249 0.0102249 0.0102249 0.0102249 0.0102249 0.0102249 0.0102249 0.0102249 0.0122699 0.0143149 0.0163599 0.0163599 0.0163599 0.0143149 0.0143149 0.0102249 0.0102249 0.0102249 0.0102249 0.0102249 0.0102249 0.0102249 0.0102249 0.0102249 0.0102249 0.0102249 0.0102249 
0.0102249 0.0102249 0.0102249 0.0102249 0.0102249 0.0102249 0.0102249 0.0102249 0.0102249 0.0102249 0.0102249 0.0102249 0.0102249 0.0102249 0.0102249 0.0102249 0.0102249 0.0102249 0.0102249 0.0102249 0.0102249 0.0102249 0.0102249 0.0102249 0.0102249 0.0102249 0.0102249 0.0102249 
0.0102249 0.0102249 0.0102249 0.0102249 0.0102249 0.0102249 0.0102249 0.0102249 0.0102249 0.0102249 0.0102249 0.0102249 0.0102249 0.0102249 0.0102249 0.0102249 0.0102249 0.0102249 0.0102249 0.0102249 0.0102249 0.0102249 0.0102249 0.0102249 0.0102249 0.0102249 0.0102249 0.0102249 
0.008726 0.008726 0.008726 0.008726 0.008726 0.008726 0.008726 0.008726 0.008726 0.008726 0.008726 0.008726 0.008726 0.008726 0.008726 0.008726 0.008726 0.008726 0.008726 0.008726 0.008726 0.008726 0.008726 0.008726 0.008726 0.008726 0.008726 0.008726 
0.008726 0.008726 0.008726 0.008726 0.008726 0.008726 0.008726 0.008726 0.008726 0.008726 0.008726 0.008726 0.008726 0.008726 0.008726 0.008726 0.008726 0.008726 0.008726 0.008726 0.008726 0.008726 0.008726 0.008726 0.008726 0.008726 0.008726 0.008726 
0.008726 0.008726 0.008726 0.008726 0.008726 0.008726 0.008726 0.008726 0.008726 0.008726 0.008726 0.008726 0.008726 0.008726 0.008726 0.008726 0.008726 0.008726 0.008726 0.008726 0.008726 0.008726 0.008726 0.008726 0.008726 0.008726 0.008726 0.008726 
0.008726 0.008726 0.008726 0.008726 0.008726 0.008726 0.008726 0.008726 0.008726 0.008726 0.008726 0.0104712 0.0104712 0.0209424 0.0191972 0.026178 0.0191972 0.017452 0.017452 0.0139616 0.0122164 0.0122164 0.008726 0.008726 0.008726 0.008726 0.008726 0.008726 
0.008726 0.008726 0.008726 0.008726 0.0104712 0.008726 0.008726 0.0104712 0.0104712 0.0122164 0.0244328 0.0471204 0.095986 0.179756 0.233857 0.253054 0.232112 0.251309 0.253054 0.216405 0.144852 0.0715532 0.0331588 0.0122164 0.0104712 0.008726 0.008726 0.008726 
0.008726 0.008726 0.0104712 0.0104712 0.008726 0.008726 0.0122164 0.0139616 0.0139616 0.0157068 0.0366492 0.0767888 0.150087 0.291449 0.385689 0.445026 0.471204 0.467714 0.445026 0.371728 0.22164 0.115183 0.0488656 0.017452 0.0122164 0.008726 0.0104712 0.008726 
0.008726 0.008726 0.008726 0.008726 0.008726 0.008726 0.0122164 0.0139616 0.017452 0.017452 0.04363 0.0820244 0.165794 0.315881 0.464223 0.527051 0.572426 0.547993 0.488656 0.387435 0.223386 0.109948 0.0401396 0.0157068 0.0122164 0.008726 0.008726 0.008726 
0.008726 0.008726 0.008726 0.0104712 0.0104712 0.0104712 0.0139616 0.0157068 0.017452 0.0191972 0.0366492 0.0802792 0.17801 0.343805 0.513089 0.621291 0.652705 0.593368 0.493892 0.352531 0.179756 0.0732984 0.0279232 0.0139616 0.008726 0.008726 0.008726 0.008726 
0.008726 0.008726 0.008726 0.0104712 0.0104712 0.008726 0.0104712 0.0139616 0.017452 0.0191972 0.0314136 0.0820244 0.188482 0.364747 0.575916 0.720768 0.736475 0.589878 0.474695 0.280977 0.109948 0.04363 0.0209424 0.008726 0.008726 0.008726 0.008726 0.008726 
0.008726 0.0104712 0.008726 0.0104712 0.008726 0.008726 0.0104712 0.0122164 0.0157068 0.0209424 0.0296684 0.078534 0.186736 0.404887 0.663176 0.835951 0.760908 0.575916 0.396161 0.211169 0.0645724 0.017452 0.0104712 0.008726 0.008726 0.008726 0.008726 0.008726 
0.008726 0.0104712 0.008726 0.008726 0.008726 0.008726 0.0104712 0.0104712 0.0157068 0.0226876 0.026178 0.069808 0.193717 0.465969 0.794066 0.917976 0.773124 0.530541 0.314136 0.120419 0.0296684 0.0122164 0.008726 0.008726 0.008726 0.0104712 0.008726 0.008726 
0.008726 0.008726 0.008726 0.008726 0.008726 0.008726 0.0104712 0.0157068 0.017452 0.0191972 0.026178 0.0506108 0.205934 0.581152 0.904014 0.945899 0.759162 0.465969 0.205934 0.0453752 0.0122164 0.0104712 0.008726 0.008726 0.008726 0.0104712 0.008726 0.008726 
0.008726 0.008726 0.008726 0.008726 0.008726 0.008726 0.0139616 0.0139616 0.0157068 0.0191972 0.0209424 0.04363 0.247818 0.729494 0.972077 0.958115 0.743455 0.369983 0.106457 0.0226876 0.008726 0.0104712 0.008726 0.008726 0.008726 0.008726 0.008726 0.008726 
0.008726 0.008726 0.008726 0.008726 0.008726 0.0104712 0.0122164 0.0122164 0.0139616 0.017452 0.017452 0.0558464 0.363002 0.886562 0.982548 0.95986 0.684119 0.239092 0.0488656 0.0104712 0.008726 0.008726 0.008726 0.008726 0.008726 0.008726 0.008726 0.008726 
0.008726 0.008726 0.008726 0.008726 0.008726 0.0122164 0.0104712 0.008726 0.0104712 0.0139616 0.026178 0.111693 0.516579 0.947644 0.987784 0.937173 0.506108 0.118674 0.0226876 0.0104712 0.0104712 0.0104712 0.008726 0.008726 0.008726 0.0104712 0.0104712 0.008726 
0.008726 0.008726 0.008726 0.008726 0.008726 0.008726 0.008726 0.0122164 0.0122164 0.0139616 0.0366492 0.219895 0.656195 0.95288 0.987784 0.886562 0.366492 0.069808 0.0191972 0.0104712 0.0104712 0.0104712 0.008726 0.008726 0.008726 0.008726 0.008726 0.008726 
0.008726 0.008726 0.008726 0.008726 0.0104712 0.0104712 0.0122164 0.0122164 0.0122164 0.0209424 0.0994764 0.357766 0.715532 0.95288 0.970332 0.769634 0.25829 0.0488656 0.0157068 0.0157068 0.008726 0.008726 0.008726 0.008726 0.008726 0.008726 0.008726 0.008726 
0.008726 0.008726 0.008726 0.008726 0.0104712 0.0122164 0.0122164 0.0122164 0.0191972 0.0575916 0.225131 0.467714 0.74171 0.944154 0.898778 0.5637 0.216405 0.0453752 0.0209424 0.0191972 0.0104712 0.008726 0.008726 0.008726 0.008726 0.008726 0.0104712 0.008726 
0.008726 0.008726 0.008726 0.008726 0.008726 0.008726 0.0122164 0.0157068 0.034904 0.1274 0.322862 0.542757 0.764398 0.905759 0.794066 0.443281 0.209424 0.0628272 0.0279232 0.0244328 0.017452 0.0139616 0.0104712 0.0104712 0.0104712 0.008726 0.0104712 0.0122164 
0.008726 0.008726 0.008726 0.008726 0.008726 0.0104712 0.0104712 0.0244328 0.0837696 0.233857 0.404887 0.591623 0.748691 0.82548 0.647469 0.403141 0.209424 0.0593368 0.0366492 0.026178 0.0226876 0.017452 0.0122164 0.0122164 0.0122164 0.0104712 0.008726 0.0122164 
0.008726 0.008726 0.008726 0.0104712 0.0104712 0.0122164 0.0244328 0.061082 0.162304 0.317627 0.469459 0.598604 0.712042 0.710297 0.549738 0.373473 0.223386 0.0732984 0.0383944 0.0279232 0.0209424 0.0209424 0.0139616 0.0122164 0.0139616 0.0139616 0.008726 0.008726 
0.008726 0.008726 0.008726 0.0104712 0.0104712 0.0122164 0.0383944 0.0924956 0.225131 0.376963 0.495637 0.596859 0.65096 0.616056 0.474695 0.352531 0.232112 0.0977312 0.04363 0.0226876 0.0209424 0.0157068 0.0122164 0.0104712 0.0122164 0.0104712 0.0104712 0.008726 
0.008726 0.008726 0.008726 0.0104712 0.0104712 0.017452 0.0401396 0.129145 0.270506 0.401396 0.499127 0.544503 0.5637 0.525305 0.455497 0.342059 0.219895 0.0994764 0.0471204 0.0226876 0.017452 0.0122164 0.0104712 0.0104712 0.0104712 0.0104712 0.008726 0.008726 
0.008726 0.008726 0.008726 0.008726 0.0104712 0.0209424 0.0401396 0.115183 0.247818 0.376963 0.445026 0.438045 0.439791 0.43281 0.403141 0.291449 0.188482 0.0942408 0.0401396 0.0209424 0.0157068 0.0104712 0.008726 0.008726 0.008726 0.008726 0.008726 0.008726 
0.008726 0.008726 0.008726 0.008726 0.008726 0.0122164 0.0191972 0.0383944 0.078534 0.120419 0.148342 0.146597 0.139616 0.143106 0.137871 0.101222 0.0593368 0.034904 0.017452 0.0122164 0.0104712 0.008726 0.008726 0.008726 0.008726 0.008726 0.008726 0.008726 
0.008726 0.008726 0.008726 0.008726 0.008726 0.008726 0.008726 0.008726 0.0104712 0.0139616 0.0139616 0.0122164 0.0104712 0.0139616 0.0139616 0.0104712 0.008726 0.008726 0.008726 0.008726 0.008726 0.008726 0.008726 0.008726 0.008726 0.008726 0.008726 0.008726 
0.008726 0.008726 0.008726 0.008726 0.008726 0.008726 0.008726 0.008726 0.008726 0.008726 0.008726 0.008726 0.008726 0.008726 0.008726 0.008726 0.008726 0.008726 0.008726 0.008726 0.008726 0.008726 0.008726 0.008726 0.008726 0.008726 0.008726 0.008726 
0.008726 0.008726 0.008726 0.008726 0.008726 0.008726 0.008726 0.008726 0.008726 0.008726 0.008726 0.008726 0.008726 0.008726 0.008726 0.008726 0.008726 0.008726 0.008726 0.008726 0.008726 0.008726 0.008726 0.008726 0.008726 0.008726 0.008726 0.008726 
0.0100402 0.0100402 0.0100402 0.0100402 0.0100402 0.0100402 0.0100402 0.0100402 0.0100402 0.0100402 0.0100402 0.0100402 0.0100402 0.0100402 0.0100402 0.0100402 0.0100402 0.0100402 0.0100402 0.0100402 0.0100402 0.0100402 0.0100402 0.0100402 0.0100402 0.0100402 0.0100402 0.0100402 
0.0100402 0.0100402 0.0100402 0.0100402 0.0100402 0.0100402 0.0100402 0.0100402 0.0100402 0.0100402 0.0100402 0.0100402 0.0100402 0.0100402 0.0100402 0.0140562 0.0140562 0.0120482 0.0100402 0.0100402 0.0100402 0.0100402 0.0100402 0.0100402 0.0100402 0.0100402 0.0100402 0.0100402 
0.0100402 0.0100402 0.0100402 0.0100402 0.0100402 0.0100402 0.0100402 0.0120482 0.0120482 0.0140562 0.0160643 0.0180723 0.0301205 0.0321285 0.0321285 0.0321285 0.0281125 0.0301205 0.0200803 0.0160643 0.0100402 0.0100402 0.0100402 0.0120482 0.0120482 0.0100402 0.0100402 0.0100402 
0.0100402 0.0100402 0.0100402 0.0100402 0.0100402 0.0120482 0.0200803 0.0321285 0.0502008 0.0843373 0.116466 0.168675 0.210843 0.24498 0.267068 0.281125 0.230924 0.184739 0.130522 0.0863454 0.0481928 0.0281125 0.0160643 0.0120482 0.0120482 0.0100402 0.0100402 0.0100402 
0.0100402 0.0100402 0.0100402 0.0100402 0.0100402 0.0261044 0.0481928 0.0722892 0.130522 0.220884 0.291165 0.38755 0.481928 0.554217 0.590361 0.588353 0.556225 0.475904 0.351406 0.23494 0.14257 0.0923695 0.0401606 0.0120482 0.0120482 0.0120482 0.0100402 0.0100402 
0.0100402 0.0100402 0.0100402 0.0100402 0.0160643 0.0441767 0.0783133 0.14257 0.240964 0.339357 0.457831 0.568273 0.656627 0.730924 0.759036 0.7751 0.732932 0.674699 0.550201 0.401606 0.277108 0.168675 0.0843373 0.0281125 0.0120482 0.0120482 0.0100402 0.0100402 
0.0100402 0.0100402 0.0100402 0.0120482 0.0200803 0.0542169 0.10241 0.186747 0.311245 0.437751 0.550201 0.640562 0.696787 0.730924 0.761044 0.763052 0.767068 0.74498 0.658635 0.52008 0.355422 0.24498 0.126506 0.0401606 0.0120482 0.0100402 0.0100402 0.0100402 
0.0100402 0.0100402 0.0120482 0.0140562 0.0341365 0.0742972 0.13253 0.212851 0.329317 0.439759 0.542169 0.60241 0.634538 0.626506 0.592369 0.628514 0.660643 0.708835 0.650602 0.554217 0.433735 0.273092 0.160643 0.060241 0.0120482 0.0100402 0.0100402 0.0100402 
0.0100402 0.0100402 0.0120482 0.0140562 0.0361446 0.0803213 0.116466 0.204819 0.283133 0.373494 0.427711 0.439759 0.435743 0.433735 0.427711 0.463855 0.538153 0.634538 0.646586 0.592369 0.46988 0.311245 0.174699 0.062249 0.0100402 0.0100402 0.0100402 0.0100402 
0.0100402 0.0100402 0.0120482 0.0140562 0.0361446 0.0763052 0.116466 0.162651 0.200803 0.25502 0.299197 0.307229 0.309237 0.287149 0.299197 0.365462 0.485944 0.598394 0.634538 0.590361 0.473896 0.299197 0.180723 0.062249 0.0160643 0.0100402 0.0100402 0.0100402 
0.0100402 0.0100402 0.0100402 0.0100402 0.0220884 0.0502008 0.0843373 0.10241 0.136546 0.166667 0.174699 0.180723 0.166667 0.146586 0.230924 0.325301 0.467871 0.592369 0.624498 0.580321 0.473896 0.287149 0.170683 0.0582329 0.0160643 0.0120482 0.0100402 0.0100402 
0.0100402 0.0100402 0.0100402 0.0100402 0.0240964 0.0401606 0.0461847 0.062249 0.0722892 0.0863454 0.100402 0.104418 0.110442 0.13253 0.228916 0.355422 0.5 0.604418 0.644578 0.566265 0.441767 0.273092 0.146586 0.0421687 0.0220884 0.0160643 0.0100402 0.0100402 
0.0100402 0.0100402 0.0100402 0.0120482 0.0160643 0.0240964 0.0341365 0.0441767 0.0582329 0.0722892 0.0923695 0.0923695 0.118474 0.196787 0.303213 0.427711 0.560241 0.644578 0.636546 0.540161 0.391566 0.232932 0.12249 0.0421687 0.0261044 0.0200803 0.0120482 0.0100402 
0.0100402 0.0100402 0.0100402 0.0120482 0.0140562 0.0261044 0.0361446 0.0582329 0.0883534 0.114458 0.140562 0.198795 0.251004 0.331325 0.433735 0.548193 0.650602 0.684739 0.62249 0.504016 0.329317 0.192771 0.0963855 0.0481928 0.0301205 0.0180723 0.0120482 0.0100402 
0.0100402 0.0100402 0.0100402 0.0120482 0.0240964 0.0421687 0.0662651 0.126506 0.210843 0.295181 0.337349 0.415663 0.502008 0.586345 0.63253 0.700803 0.714859 0.688755 0.578313 0.455823 0.277108 0.176707 0.0923695 0.064257 0.0421687 0.0160643 0.0120482 0.0100402 
0.0100402 0.0100402 0.0100402 0.0140562 0.0301205 0.0923695 0.172691 0.293173 0.393574 0.467871 0.546185 0.63253 0.710843 0.7751 0.783133 0.779116 0.732932 0.670683 0.556225 0.423695 0.299197 0.194779 0.134538 0.0943775 0.064257 0.0281125 0.0160643 0.0100402 
0.0100402 0.0100402 0.0100402 0.0261044 0.0662651 0.174699 0.301205 0.435743 0.542169 0.624498 0.680723 0.773092 0.827309 0.841365 0.845381 0.801205 0.742972 0.654619 0.552209 0.447791 0.331325 0.259036 0.210843 0.148594 0.104418 0.0522088 0.0180723 0.0100402 
0.0100402 0.0100402 0.0100402 0.0361446 0.120482 0.273092 0.431727 0.546185 0.620482 0.672691 0.730924 0.763052 0.805221 0.835341 0.815261 0.777108 0.74498 0.660643 0.61245 0.502008 0.423695 0.36747 0.297189 0.216867 0.158635 0.0763052 0.0220884 0.0120482 
0.0100402 0.0100402 0.0100402 0.0562249 0.162651 0.341365 0.502008 0.61245 0.670683 0.712851 0.73494 0.75502 0.807229 0.813253 0.787149 0.763052 0.710843 0.672691 0.608434 0.568273 0.493976 0.411647 0.361446 0.279116 0.178715 0.0763052 0.0200803 0.0120482 
0.0100402 0.0100402 0.0120482 0.062249 0.204819 0.371486 0.548193 0.638554 0.692771 0.748996 0.769076 0.821285 0.809237 0.795181 0.781124 0.696787 0.662651 0.616466 0.596386 0.562249 0.508032 0.459839 0.353414 0.25502 0.174699 0.064257 0.0160643 0.0100402 
0.0100402 0.0100402 0.0120482 0.0662651 0.200803 0.369478 0.528112 0.64257 0.740964 0.781124 0.815261 0.825301 0.797189 0.73494 0.646586 0.582329 0.564257 0.558233 0.540161 0.528112 0.5 0.405622 0.319277 0.232932 0.140562 0.0522088 0.0140562 0.0100402 
0.0100402 0.0100402 0.0120482 0.0522088 0.162651 0.303213 0.445783 0.574297 0.654619 0.738956 0.748996 0.720884 0.650602 0.574297 0.475904 0.413655 0.395582 0.407631 0.407631 0.423695 0.385542 0.329317 0.230924 0.158635 0.0923695 0.0361446 0.0140562 0.0100402 
0.0100402 0.0100402 0.0100402 0.0261044 0.0803213 0.192771 0.297189 0.423695 0.497992 0.556225 0.562249 0.524096 0.445783 0.361446 0.297189 0.263052 0.24498 0.25502 0.261044 0.246988 0.230924 0.192771 0.138554 0.0823293 0.0562249 0.0261044 0.0140562 0.0100402 
0.0100402 0.0100402 0.0100402 0.0160643 0.0361446 0.0722892 0.118474 0.162651 0.190763 0.212851 0.216867 0.202811 0.174699 0.136546 0.110442 0.110442 0.11245 0.11245 0.116466 0.0963855 0.0883534 0.0702811 0.0522088 0.0321285 0.0180723 0.0140562 0.0120482 0.0100402 
0.0100402 0.0100402 0.0100402 0.0120482 0.0160643 0.0180723 0.0301205 0.0361446 0.0321285 0.0301205 0.0361446 0.0341365 0.0341365 0.0321285 0.0321285 0.0321285 0.0321285 0.0281125 0.0261044 0.0301205 0.0261044 0.0220884 0.0180723 0.0160643 0.0100402 0.0100402 0.0100402 0.0100402 
0.0100402 0.0100402 0.0100402 0.0100402 0.0100402 0.0100402 0.0100402 0.0100402 0.0100402 0.0100402 0.0100402 0.0100402 0.0100402 0.0100402 0.0100402 0.0100402 0.0100402 0.0120482 0.0120482 0.0120482 0.0120482 0.0100402 0.0100402 0.0100402 0.0100402 0.0100402 0.0100402 0.0100402 
0.0100402 0.0100402 0.0100402 0.0100402 0.0100402 0.0100402 0.0100402 0.0100402 0.0100402 0.0100402 0.0100402 0.0100402 0.0100402 0.0100402 0.0100402 0.0100402 0.0100402 0.0100402 0.0100402 0.0100402 0.0100402 0.0100402 0.0100402 0.0100402 0.0100402 0.0100402 0.0100402 0.0100402 
0.0100402 0.0100402 0.0100402 0.0100402 0.0100402 0.0100402 0.0100402 0.0100402 0.0100402 0.0100402 0.0100402 0.0100402 0.0100402 0.0100402 0.0100402 0.0100402 0.0100402 0.0100402 0.0100402 0.0100402 0.0100402 0.0100402 0.0100402 0.0100402 0.0100402 0.0100402 0.0100402 0.0100402 
0.00994036 0.00994036 0.00994036 0.00994036 0.00994036 0.00994036 0.00994036 0.00994036 0.00994036 0.00994036 0.00994036 0.00994036 0.00994036 0.00994036 0.00994036 0.00994036 0.00994036 0.00994036 0.00994036 0.00994036 0.00994036 0.00994036 0.00994036 0.00994036 0.00994036 0.00994036 0.00994036 0.00994036 
0.00994036 0.00994036 0.00994036 0.00994036 0.00994036 0.00994036 0.00994036 0.00994036 0.00994036 0.00994036 0.00994036 0.00994036 0.00994036 0.00994036 0.00994036 0.00994036 0.00994036 0.00994036 0.00994036 0.00994036 0.00994036 0.00994036 0.00994036 0.00994036 0.00994036 0.00994036 0.00994036 0.00994036 
0.00994036 0.00994036 0.00994036 0.00994036 0.00994036 0.00994036 0.00994036 0.00994036 0.00994036 0.00994036 0.00994036 0.00994036 0.00994036 0.00994036 0.00994036 0.00994036 0.00994036 0.00994036 0.00994036 0.00994036 0.00994036 0.00994036 0.00994036 0.00994036 0.00994036 0.00994036 0.00994036 0.00994036 
0.00994036 0.00994036 0.00994036 0.00994036 0.00994036 0.0119284 0.0119284 0.0119284 0.0139165 0.0178926 0.0198807 0.0298211 0.0357853 0.0417495 0.0417495 0.0417495 0.0397614 0.0357853 0.0238569 0.0218688 0.0139165 0.0119284 0.00994036 0.00994036 0.00994036 0.00994036 0.00994036 0.00994036 
0.00994036 0.00994036 0.00994036 0.0119284 0.0139165 0.0238569 0.0318091 0.0636183 0.0914513 0.133201 0.2167 0.290258 0.351889 0.393638 0.413519 0.407555 0.361829 0.302187 0.224652 0.159046 0.0795229 0.0417495 0.0178926 0.0139165 0.00994036 0.00994036 0.00994036 0.00994036 
0.00994036 0.00994036 0.00994036 0.0178926 0.0337972 0.0636183 0.0954274 0.16501 0.258449 0.377734 0.516899 0.624254 0.699801 0.755467 0.781312 0.771372 0.717694 0.60835 0.493042 0.379722 0.238569 0.127237 0.0516899 0.0198807 0.00994036 0.00994036 0.00994036 0.00994036 
0.00994036 0.00994036 0.00994036 0.0298211 0.0536779 0.0934394 0.190855 0.284294 0.409543 0.538767 0.699801 0.779324 0.831014 0.874752 0.894632 0.89662 0.884692 0.789264 0.648111 0.520875 0.371769 0.214712 0.11332 0.0337972 0.00994036 0.00994036 0.00994036 0.00994036 
0.00994036 0.0119284 0.00994036 0.0318091 0.0675944 0.117296 0.210736 0.306163 0.447316 0.558648 0.632207 0.695825 0.71173 0.719682 0.757455 0.799205 0.785288 0.793241 0.729622 0.61829 0.451292 0.258449 0.131213 0.055666 0.00994036 0.00994036 0.00994036 0.00994036 
0.00994036 0.00994036 0.00994036 0.0357853 0.0735587 0.107356 0.180915 0.246521 0.33996 0.411531 0.449304 0.441352 0.435388 0.437376 0.473161 0.582505 0.675944 0.715706 0.699801 0.624254 0.459245 0.256461 0.127237 0.0536779 0.00994036 0.00994036 0.00994036 0.00994036 
0.00994036 0.00994036 0.0119284 0.0258449 0.0457256 0.0815109 0.139165 0.168986 0.210736 0.236581 0.250497 0.254473 0.28827 0.326044 0.403579 0.538767 0.675944 0.753479 0.717694 0.582505 0.413519 0.228628 0.101392 0.0377734 0.00994036 0.00994036 0.00994036 0.00994036 
0.00994036 0.00994036 0.0119284 0.0159046 0.0238569 0.0477137 0.0735587 0.0854871 0.117296 0.149105 0.180915 0.214712 0.28827 0.39165 0.522863 0.671968 0.793241 0.781312 0.67992 0.493042 0.324056 0.159046 0.0755467 0.027833 0.00994036 0.00994036 0.00994036 0.00994036 
0.00994036 0.00994036 0.00994036 0.0119284 0.0178926 0.0258449 0.0397614 0.055666 0.0914513 0.157058 0.244533 0.363817 0.499006 0.624254 0.759443 0.833002 0.860835 0.765408 0.586481 0.387674 0.232604 0.0994036 0.0357853 0.0178926 0.00994036 0.00994036 0.00994036 0.00994036 
0.00994036 0.00994036 0.00994036 0.00994036 0.0139165 0.0178926 0.0298211 0.0536779 0.121272 0.230616 0.377734 0.560636 0.717694 0.803181 0.882704 0.894632 0.848907 0.715706 0.518887 0.32008 0.170974 0.0656064 0.0298211 0.0159046 0.00994036 0.00994036 0.00994036 0.00994036 
0.00994036 0.00994036 0.00994036 0.0119284 0.0139165 0.0159046 0.0298211 0.083499 0.170974 0.32008 0.518887 0.703777 0.811133 0.880716 0.892644 0.878728 0.829026 0.759443 0.54672 0.357853 0.182903 0.083499 0.027833 0.0139165 0.00994036 0.00994036 0.00994036 0.00994036 
0.00994036 0.00994036 0.00994036 0.00994036 0.0159046 0.0198807 0.0377734 0.0815109 0.190855 0.351889 0.502982 0.667992 0.743539 0.7833 0.789264 0.805169 0.793241 0.771372 0.642147 0.445328 0.276342 0.12326 0.0596421 0.0178926 0.0119284 0.00994036 0.00994036 0.00994036 
0.00994036 0.00994036 0.00994036 0.0119284 0.0159046 0.0238569 0.0397614 0.0775348 0.159046 0.272366 0.383698 0.487078 0.534791 0.55666 0.576541 0.610338 0.709742 0.749503 0.717694 0.590457 0.355865 0.196819 0.0755467 0.0318091 0.0119284 0.00994036 0.0119284 0.00994036 
0.00994036 0.00994036 0.0159046 0.0238569 0.0298211 0.0536779 0.0536779 0.0755467 0.109344 0.163022 0.224652 0.236581 0.256461 0.276342 0.324056 0.403579 0.558648 0.707753 0.741551 0.644135 0.431412 0.254473 0.109344 0.0377734 0.0119284 0.00994036 0.00994036 0.00994036 
0.00994036 0.00994036 0.0178926 0.0437376 0.0815109 0.10338 0.101392 0.101392 0.111332 0.109344 0.0934394 0.0994036 0.107356 0.121272 0.186879 0.337972 0.491054 0.640159 0.73161 0.671968 0.457256 0.264414 0.141153 0.0516899 0.0119284 0.00994036 0.00994036 0.00994036 
0.00994036 0.00994036 0.0178926 0.0616302 0.139165 0.180915 0.2167 0.2167 0.170974 0.115308 0.0954274 0.083499 0.0755467 0.107356 0.186879 0.333996 0.512922 0.620278 0.699801 0.658052 0.449304 0.276342 0.15507 0.0516899 0.0119284 0.00994036 0.00994036 0.00994036 
0.00994036 0.00994036 0.0238569 0.0854871 0.212724 0.286282 0.357853 0.353877 0.28827 0.206759 0.161034 0.131213 0.141153 0.200795 0.302187 0.459245 0.604374 0.687873 0.705765 0.612326 0.431412 0.258449 0.141153 0.0457256 0.0119284 0.00994036 0.00994036 0.00994036 
0.00994036 0.00994036 0.0258449 0.109344 0.234592 0.363817 0.465209 0.502982 0.491054 0.423459 0.377734 0.353877 0.377734 0.463221 0.578529 0.673956 0.749503 0.76342 0.683897 0.516899 0.377734 0.22664 0.115308 0.0417495 0.0119284 0.00994036 0.00994036 0.00994036 
0.00994036 0.00994036 0.0258449 0.0894632 0.214712 0.335984 0.514911 0.59841 0.652087 0.658052 0.667992 0.652087 0.675944 0.72167 0.7833 0.831014 0.809145 0.735586 0.570577 0.421471 0.290258 0.168986 0.0715706 0.0258449 0.00994036 0.00994036 0.00994036 0.00994036 
0.00994036 0.00994036 0.0218688 0.0656064 0.151093 0.274354 0.439364 0.5666 0.683897 0.755467 0.807157 0.84493 0.872763 0.87674 0.872763 0.829026 0.72167 0.576541 0.411531 0.28827 0.166998 0.0914513 0.0437376 0.0159046 0.00994036 0.00994036 0.00994036 0.00994036 
0.00994036 0.00994036 0.0139165 0.0417495 0.0994036 0.161034 0.294235 0.425447 0.5666 0.701789 0.765408 0.811133 0.827038 0.815109 0.733598 0.616302 0.499006 0.351889 0.22664 0.149105 0.0735587 0.0337972 0.0159046 0.0119284 0.00994036 0.00994036 0.00994036 0.00994036 
0.00994036 0.00994036 0.00994036 0.0218688 0.0437376 0.0715706 0.11332 0.186879 0.232604 0.280318 0.328032 0.365805 0.38171 0.357853 0.294235 0.246521 0.166998 0.109344 0.0596421 0.0337972 0.0238569 0.0178926 0.0139165 0.0119284 0.00994036 0.00994036 0.00994036 0.00994036 
0.00994036 0.00994036 0.00994036 0.0119284 0.0159046 0.0159046 0.027833 0.0417495 0.0497018 0.0576541 0.0536779 0.0636183 0.0616302 0.0636183 0.0477137 0.027833 0.0218688 0.0178926 0.0198807 0.0139165 0.0139165 0.0119284 0.0119284 0.00994036 0.00994036 0.00994036 0.00994036 0.00994036 
0.00994036 0.00994036 0.00994036 0.00994036 0.00994036 0.00994036 0.00994036 0.00994036 0.00994036 0.00994036 0.0119284 0.0119284 0.0139165 0.0139165 0.0139165 0.0139165 0.0119284 0.0119284 0.0119284 0.0119284 0.0119284 0.0119284 0.00994036 0.00994036 0.00994036 0.00994036 0.00994036 0.00994036 
0.00994036 0.00994036 0.00994036 0.00994036 0.00994036 0.00994036 0.00994036 0.00994036 0.00994036 0.00994036 0.00994036 0.00994036 0.00994036 0.00994036 0.00994036 0.00994036 0.00994036 0.00994036 0.00994036 0.00994036 0.00994036 0.00994036 0.00994036 0.00994036 0.00994036 0.00994036 0.00994036 0.00994036 
0.00917431 0.00917431 0.00917431 0.00917431 0.00917431 0.00917431 0.00917431 0.00917431 0.00917431 0.00917431 0.00917431 0.00917431 0.00917431 0.00917431 0.00917431 0.00917431 0.00917431 0.00917431 0.00917431 0.00917431 0.00917431 0.00917431 0.00917431 0.00917431 0.00917431 0.00917431 0.00917431 0.00917431 
0.00917431 0.00917431 0.00917431 0.00917431 0.00917431 0.00917431 0.00917431 0.00917431 0.00917431 0.00917431 0.00917431 0.00917431 0.00917431 0.00917431 0.00917431 0.00917431 0.00917431 0.00917431 0.00917431 0.00917431 0.00917431 0.00917431 0.00917431 0.00917431 0.00917431 0.00917431 0.00917431 0.00917431 
0.00917431 0.00917431 0.00917431 0.00917431 0.00917431 0.00917431 0.00917431 0.00917431 0.00917431 0.00917431 0.00917431 0.00917431 0.00917431 0.00917431 0.00917431 0.0110092 0.0110092 0.0110092 0.00917431 0.00917431 0.00917431 0.00917431 0.00917431 0.00917431 0.00917431 0.00917431 0.00917431 0.00917431 
0.00917431 0.00917431 0.00917431 0.00917431 0.00917431 0.00917431 0.00917431 0.00917431 0.00917431 0.00917431 0.00917431 0.0110092 0.0110092 0.0110092 0.0110092 0.012844 0.012844 0.012844 0.012844 0.012844 0.0183486 0.0165138 0.0146789 0.00917431 0.00917431 0.00917431 0.00917431 0.00917431 
0.00917431 0.00917431 0.00917431 0.00917431 0.012844 0.0146789 0.0146789 0.0220183 0.0275229 0.0293578 0.0311927 0.0311927 0.0385321 0.0348624 0.0293578 0.0366972 0.0440367 0.0642202 0.0715596 0.0844037 0.0954128 0.0642202 0.0550459 0.0293578 0.0201835 0.00917431 0.00917431 0.00917431 
0.00917431 0.00917431 0.00917431 0.00917431 0.0146789 0.0220183 0.0422018 0.0623853 0.0788991 0.108257 0.13211 0.13578 0.141284 0.124771 0.0954128 0.0899083 0.141284 0.174312 0.225688 0.247706 0.253211 0.2 0.177982 0.122936 0.0788991 0.0165138 0.00917431 0.00917431 
0.00917431 0.00917431 0.00917431 0.012844 0.0220183 0.0422018 0.066055 0.0990826 0.154128 0.209174 0.245872 0.27156 0.277064 0.222018 0.159633 0.150459 0.2 0.275229 0.355963 0.401835 0.390826 0.322936 0.256881 0.168807 0.0990826 0.0311927 0.0110092 0.00917431 
0.00917431 0.00917431 0.00917431 0.0146789 0.0330275 0.0513761 0.0954128 0.144954 0.229358 0.324771 0.385321 0.4 0.383486 0.302752 0.216514 0.194495 0.258716 0.355963 0.455046 0.508257 0.449541 0.381651 0.273394 0.152294 0.0880734 0.0330275 0.0146789 0.00917431 
0.00917431 0.00917431 0.00917431 0.0165138 0.0348624 0.066055 0.111927 0.194495 0.286239 0.40367 0.488073 0.495413 0.46055 0.337615 0.225688 0.209174 0.289908 0.420183 0.546789 0.572477 0.506422 0.39633 0.240367 0.150459 0.0642202 0.0220183 0.012844 0.00917431 
0.00917431 0.00917431 0.00917431 0.0183486 0.040367 0.0752294 0.13211 0.234862 0.357798 0.495413 0.561468 0.557798 0.484404 0.322936 0.211009 0.20367 0.321101 0.511927 0.620183 0.640367 0.52844 0.350459 0.211009 0.111927 0.0348624 0.0220183 0.0110092 0.00917431 
0.00917431 0.00917431 0.00917431 0.0183486 0.0385321 0.0844037 0.165138 0.282569 0.453211 0.592661 0.662385 0.592661 0.438532 0.26055 0.137615 0.198165 0.377982 0.592661 0.702752 0.677064 0.506422 0.299083 0.163303 0.0678899 0.0220183 0.012844 0.00917431 0.00917431 
0.00917431 0.00917431 0.0110092 0.0220183 0.0495413 0.0954128 0.194495 0.39633 0.561468 0.713761 0.706422 0.543119 0.379817 0.185321 0.121101 0.227523 0.477064 0.689908 0.777982 0.669725 0.469725 0.244037 0.122936 0.0477064 0.0201835 0.00917431 0.00917431 0.00917431 
0.00917431 0.0110092 0.0110092 0.0201835 0.053211 0.124771 0.258716 0.484404 0.658716 0.783486 0.699083 0.500917 0.304587 0.170642 0.179817 0.302752 0.601835 0.781651 0.818349 0.656881 0.429358 0.207339 0.102752 0.0458716 0.0238532 0.0110092 0.00917431 0.00917431 
0.00917431 0.0110092 0.0110092 0.0183486 0.0550459 0.148624 0.352294 0.576147 0.759633 0.845872 0.717431 0.537615 0.343119 0.310092 0.33578 0.500917 0.754128 0.86789 0.844037 0.658716 0.434862 0.234862 0.12844 0.0678899 0.0330275 0.0110092 0.00917431 0.00917431 
0.00917431 0.0110092 0.0110092 0.0238532 0.0642202 0.207339 0.436697 0.642202 0.8 0.86422 0.822018 0.700917 0.594495 0.565138 0.570642 0.721101 0.888073 0.921101 0.844037 0.653211 0.449541 0.26422 0.172477 0.0807339 0.040367 0.0110092 0.00917431 0.00917431 
0.00917431 0.00917431 0.0110092 0.0238532 0.0623853 0.225688 0.46055 0.66789 0.787156 0.845872 0.862385 0.845872 0.814679 0.798165 0.823853 0.86789 0.933945 0.93211 0.814679 0.633027 0.401835 0.253211 0.155963 0.0715596 0.0311927 0.0110092 0.0110092 0.00917431 
0.00917431 0.00917431 0.00917431 0.0201835 0.0623853 0.214679 0.422018 0.583486 0.704587 0.770642 0.80367 0.814679 0.794495 0.809174 0.838532 0.888073 0.93945 0.897248 0.754128 0.541284 0.32844 0.20367 0.108257 0.0568807 0.0293578 0.0110092 0.0110092 0.00917431 
0.00917431 0.00917431 0.00917431 0.0110092 0.0330275 0.154128 0.280734 0.405505 0.493578 0.53945 0.552294 0.579817 0.577982 0.642202 0.721101 0.809174 0.858716 0.779817 0.59633 0.388991 0.242202 0.143119 0.066055 0.0330275 0.0238532 0.012844 0.0110092 0.00917431 
0.00917431 0.00917431 0.00917431 0.00917431 0.0201835 0.0788991 0.141284 0.211009 0.245872 0.269725 0.286239 0.308257 0.376147 0.491743 0.612844 0.72844 0.721101 0.627523 0.4 0.273394 0.159633 0.093578 0.0458716 0.0201835 0.0110092 0.00917431 0.0110092 0.00917431 
0.00917431 0.00917431 0.00917431 0.00917431 0.0110092 0.0348624 0.0697248 0.0770642 0.0825688 0.0954128 0.111927 0.163303 0.297248 0.422018 0.552294 0.625688 0.618349 0.510092 0.337615 0.229358 0.130275 0.0770642 0.0385321 0.0165138 0.0110092 0.00917431 0.00917431 0.00917431 
0.00917431 0.00917431 0.00917431 0.00917431 0.0110092 0.0183486 0.0293578 0.0348624 0.0458716 0.0568807 0.0899083 0.187156 0.291743 0.429358 0.519266 0.53945 0.53945 0.429358 0.302752 0.214679 0.12844 0.0770642 0.0422018 0.0183486 0.0110092 0.00917431 0.00917431 0.00917431 
0.00917431 0.00917431 0.00917431 0.00917431 0.00917431 0.00917431 0.012844 0.0183486 0.0311927 0.0495413 0.113761 0.209174 0.321101 0.418349 0.46055 0.46422 0.473394 0.366972 0.275229 0.220183 0.133945 0.0825688 0.0458716 0.0238532 0.012844 0.0110092 0.00917431 0.00917431 
0.00917431 0.00917431 0.00917431 0.00917431 0.00917431 0.0110092 0.0110092 0.0238532 0.0330275 0.0733945 0.154128 0.236697 0.337615 0.398165 0.414679 0.414679 0.405505 0.354128 0.269725 0.220183 0.130275 0.0807339 0.0477064 0.0256881 0.0146789 0.0110092 0.00917431 0.00917431 
0.00917431 0.00917431 0.00917431 0.00917431 0.00917431 0.0110092 0.0165138 0.0220183 0.0458716 0.100917 0.163303 0.242202 0.313761 0.368807 0.359633 0.370642 0.346789 0.326605 0.256881 0.190826 0.130275 0.0770642 0.040367 0.0238532 0.0146789 0.00917431 0.00917431 0.00917431 
0.00917431 0.00917431 0.00917431 0.00917431 0.00917431 0.00917431 0.0146789 0.0183486 0.0385321 0.0899083 0.133945 0.183486 0.218349 0.234862 0.255046 0.244037 0.233028 0.216514 0.170642 0.122936 0.0788991 0.0422018 0.0275229 0.0201835 0.012844 0.00917431 0.00917431 0.00917431 
0.00917431 0.00917431 0.00917431 0.00917431 0.00917431 0.00917431 0.00917431 0.012844 0.0183486 0.0385321 0.0422018 0.040367 0.0458716 0.066055 0.0899083 0.0917431 0.0770642 0.053211 0.0348624 0.0293578 0.0256881 0.0165138 0.012844 0.012844 0.0110092 0.00917431 0.00917431 0.00917431 
0.00917431 0.00917431 0.00917431 0.00917431 0.00917431 0.00917431 0.00917431 0.00917431 0.0110092 0.0110092 0.00917431 0.00917431 0.00917431 0.0110092 0.00917431 0.0110092 0.012844 0.012844 0.012844 0.0110092 0.00917431 0.00917431 0.00917431 0.00917431 0.00917431 0.00917431 0.00917431 0.00917431 
0.00917431 0.00917431 0.00917431 0.00917431 0.00917431 0.00917431 0.00917431 0.00917431 0.00917431 0.00917431 0.00917431 0.00917431 0.00917431 0.00917431 0.00917431 0.00917431 0.00917431 0.00917431 0.00917431 0.00917431 0.00917431 0.00917431 0.00917431 0.00917431 0.00917431 0.00917431 0.00917431 0.00917431 
0.0112613 0.0112613 0.0112613 0.0112613 0.0112613 0.0112613 0.0112613 0.0112613 0.0112613 0.0112613 0.0112613 0.0112613 0.0112613 0.0112613 0.0112613 0.0112613 0.0112613 0.0112613 0.0112613 0.0112613 0.0112613 0.0112613 0.0112613 0.0112613 0.0112613 0.0112613 0.0112613 0.0112613 
0.0112613 0.0112613 0.0112613 0.0112613 0.0112613 0.0112613 0.0112613 0.0112613 0.0112613 0.0112613 0.0112613 0.0112613 0.0112613 0.0112613 0.0112613 0.0112613 0.0112613 0.0112613 0.0112613 0.0112613 0.0112613 0.0112613 0.0112613 0.0112613 0.0112613 0.0112613 0.0112613 0.0112613 
0.0112613 0.0112613 0.0112613 0.0112613 0.0112613 0.0112613 0.0112613 0.0112613 0.0112613 0.0112613 0.0112613 0.0112613 0.0112613 0.0112613 0.0112613 0.0112613 0.0112613 0.0112613 0.0112613 0.0112613 0.0112613 0.0112613 0.0112613 0.0112613 0.0112613 0.0112613 0.0112613 0.0112613 
0.0112613 0.0112613 0.0112613 0.0112613 0.0112613 0.0112613 0.0112613 0.0112613 0.0112613 0.0112613 0.0112613 0.0157658 0.0202703 0.0247748 0.0292793 0.0337838 0.0315315 0.0247748 0.0202703 0.0247748 0.0247748 0.027027 0.027027 0.0225225 0.018018 0.0112613 0.0112613 0.0112613 
0.0112613 0.0112613 0.0112613 0.0112613 0.0112613 0.0112613 0.0112613 0.0135135 0.0247748 0.0382883 0.0540541 0.0833333 0.0968468 0.132883 0.148649 0.177928 0.189189 0.20045 0.198198 0.186937 0.177928 0.164414 0.132883 0.112613 0.0630631 0.0202703 0.0112613 0.0112613 
0.0112613 0.0112613 0.0112613 0.0112613 0.0112613 0.0112613 0.0202703 0.0472973 0.0743243 0.108108 0.155405 0.225225 0.290541 0.346847 0.396396 0.43018 0.45045 0.459459 0.445946 0.441441 0.398649 0.342342 0.281532 0.218468 0.150901 0.0563063 0.018018 0.0112613 
0.0112613 0.0112613 0.0112613 0.0112613 0.0112613 0.0157658 0.0382883 0.0675676 0.126126 0.186937 0.277027 0.376126 0.427928 0.515766 0.567568 0.596847 0.608108 0.592342 0.59009 0.576577 0.545045 0.475225 0.382883 0.34009 0.263514 0.137387 0.0315315 0.0135135 
0.0112613 0.0112613 0.0112613 0.0112613 0.0112613 0.0247748 0.0472973 0.0923423 0.168919 0.261261 0.367117 0.472973 0.581081 0.648649 0.668919 0.693694 0.682432 0.65991 0.614865 0.599099 0.572072 0.52027 0.443694 0.40991 0.326577 0.202703 0.0518018 0.0135135 
0.0112613 0.0112613 0.0112613 0.0112613 0.0135135 0.0292793 0.0518018 0.121622 0.225225 0.322072 0.432432 0.592342 0.65991 0.70045 0.695946 0.682432 0.632883 0.601351 0.576577 0.531532 0.5 0.454955 0.40991 0.346847 0.283784 0.182432 0.0540541 0.0157658 
0.0112613 0.0112613 0.0112613 0.0112613 0.018018 0.0292793 0.0608108 0.150901 0.263514 0.398649 0.536036 0.646396 0.68018 0.682432 0.61036 0.515766 0.459459 0.436937 0.407658 0.376126 0.317568 0.27027 0.240991 0.220721 0.18018 0.112613 0.0315315 0.0135135 
0.0112613 0.0112613 0.0112613 0.0112613 0.018018 0.027027 0.0720721 0.175676 0.328829 0.490991 0.664414 0.720721 0.740991 0.675676 0.556306 0.452703 0.353604 0.304054 0.263514 0.20045 0.173423 0.130631 0.0945946 0.0765766 0.0720721 0.045045 0.0157658 0.0112613 
0.0112613 0.0112613 0.0112613 0.0112613 0.0225225 0.0292793 0.0990991 0.216216 0.396396 0.585586 0.736486 0.795045 0.745495 0.632883 0.529279 0.421171 0.351351 0.259009 0.184685 0.123874 0.0765766 0.0472973 0.0315315 0.027027 0.027027 0.0202703 0.0135135 0.0112613 
0.0112613 0.0112613 0.0112613 0.0112613 0.0202703 0.0337838 0.123874 0.256757 0.463964 0.671171 0.777027 0.810811 0.756757 0.641892 0.540541 0.454955 0.387387 0.313063 0.245495 0.157658 0.101351 0.0585586 0.027027 0.027027 0.0135135 0.0135135 0.0112613 0.0112613 
0.0112613 0.0112613 0.0112613 0.0112613 0.0202703 0.0427928 0.121622 0.27027 0.484234 0.689189 0.786036 0.833333 0.756757 0.702703 0.612613 0.560811 0.488739 0.434685 0.344595 0.247748 0.166667 0.0855856 0.0405405 0.018018 0.0157658 0.0112613 0.0112613 0.0112613 
0.0112613 0.0112613 0.0112613 0.0112613 0.018018 0.0427928 0.119369 0.265766 0.441441 0.621622 0.704955 0.736486 0.713964 0.671171 0.632883 0.585586 0.56982 0.515766 0.448198 0.335586 0.234234 0.137387 0.0563063 0.0292793 0.018018 0.0112613 0.0112613 0.0112613 
0.0112613 0.0112613 0.0112613 0.0157658 0.0225225 0.0495495 0.103604 0.175676 0.322072 0.434685 0.513514 0.536036 0.540541 0.52027 0.52027 0.524775 0.531532 0.540541 0.47973 0.421171 0.290541 0.168919 0.0855856 0.0382883 0.018018 0.0135135 0.0112613 0.0112613 
0.0112613 0.0112613 0.0112613 0.0157658 0.0382883 0.0608108 0.0968468 0.141892 0.193694 0.268018 0.313063 0.331081 0.331081 0.364865 0.403153 0.45045 0.5 0.551802 0.52027 0.441441 0.326577 0.211712 0.103604 0.0495495 0.0202703 0.0135135 0.0112613 0.0112613 
0.0112613 0.0112613 0.0112613 0.0157658 0.0405405 0.0990991 0.175676 0.177928 0.166667 0.150901 0.171171 0.171171 0.195946 0.256757 0.326577 0.425676 0.504505 0.540541 0.540541 0.459459 0.355856 0.22973 0.128378 0.0653153 0.018018 0.0135135 0.0112613 0.0112613 
0.0112613 0.0112613 0.0135135 0.0135135 0.0518018 0.164414 0.286036 0.310811 0.231982 0.18018 0.141892 0.135135 0.15991 0.247748 0.344595 0.436937 0.545045 0.565315 0.565315 0.454955 0.349099 0.227477 0.130631 0.0698198 0.018018 0.0135135 0.0112613 0.0112613 
0.0112613 0.0112613 0.0157658 0.018018 0.0585586 0.20045 0.391892 0.468468 0.418919 0.355856 0.292793 0.277027 0.306306 0.371622 0.454955 0.522523 0.574324 0.599099 0.576577 0.452703 0.315315 0.213964 0.119369 0.0608108 0.0202703 0.0135135 0.0112613 0.0112613 
0.0112613 0.0112613 0.0157658 0.018018 0.0495495 0.202703 0.439189 0.556306 0.578829 0.542793 0.52027 0.486486 0.504505 0.551802 0.574324 0.621622 0.621622 0.603604 0.536036 0.400901 0.279279 0.173423 0.0765766 0.0540541 0.0247748 0.0112613 0.0112613 0.0112613 
0.0112613 0.0112613 0.0112613 0.0135135 0.0427928 0.171171 0.376126 0.558559 0.632883 0.691441 0.698198 0.698198 0.689189 0.686937 0.68018 0.68018 0.644144 0.594595 0.452703 0.333333 0.227477 0.123874 0.0630631 0.0405405 0.0202703 0.0112613 0.0112613 0.0112613 
0.0112613 0.0112613 0.0112613 0.0112613 0.0247748 0.0923423 0.261261 0.412162 0.545045 0.668919 0.740991 0.743243 0.72973 0.72973 0.709459 0.650901 0.592342 0.468468 0.36036 0.222973 0.132883 0.0743243 0.045045 0.0292793 0.0157658 0.0112613 0.0112613 0.0112613 
0.0112613 0.0112613 0.0112613 0.0112613 0.018018 0.036036 0.13964 0.243243 0.353604 0.486486 0.578829 0.628378 0.635135 0.612613 0.583333 0.52027 0.407658 0.310811 0.193694 0.126126 0.0698198 0.045045 0.0292793 0.018018 0.0135135 0.0112613 0.0112613 0.0112613 
0.0112613 0.0112613 0.0112613 0.0112613 0.0157658 0.018018 0.0472973 0.0833333 0.141892 0.204955 0.259009 0.29955 0.322072 0.317568 0.292793 0.231982 0.168919 0.123874 0.0765766 0.045045 0.0405405 0.027027 0.0202703 0.0135135 0.0112613 0.0112613 0.0112613 0.0112613 
0.0112613 0.0112613 0.0112613 0.0112613 0.0112613 0.0135135 0.018018 0.0315315 0.0405405 0.0630631 0.0698198 0.0720721 0.0698198 0.0630631 0.0585586 0.0382883 0.0337838 0.027027 0.0202703 0.0135135 0.0112613 0.0112613 0.0112613 0.0112613 0.0112613 0.0112613 0.0112613 0.0112613 
0.0112613 0.0112613 0.0112613 0.0112613 0.0112613 0.0112613 0.0135135 0.0135135 0.0157658 0.0157658 0.018018 0.018018 0.0202703 0.018018 0.0135135 0.0135135 0.0135135 0.0135135 0.0135135 0.0112613 0.0112613 0.0112613 0.0112613 0.0112613 0.0112613 0.0112613 0.0112613 0.0112613 
0.0112613 0.0112613 0.0112613 0.0112613 0.0112613 0.0112613 0.0112613 0.0112613 0.0112613 0.0112613 0.0112613 0.0112613 0.0112613 0.0112613 0.0112613 0.0112613 0.0112613 0.0112613 0.0112613 0.0112613 0.0112613 0.0112613 0.0112613 0.0112613 0.0112613 0.0112613 0.0112613 0.0112613 
0.00978474 0.00978474 0.00978474 0.00978474 0.00978474 0.00978474 0.00978474 0.00978474 0.00978474 0.00978474 0.00978474 0.00978474 0.00978474 0.00978474 0.00978474 0.00978474 0.00978474 0.00978474 0.00978474 0.00978474 0.00978474 0.00978474 0.00978474 0.00978474 0.00978474 0.00978474 0.00978474 0.00978474 
0.00978474 0.00978474 0.00978474 0.00978474 0.00978474 0.00978474 0.00978474 0.0117417 0.0136986 0.0136986 0.0176125 0.0156556 0.0176125 0.0176125 0.0195695 0.0234834 0.0195695 0.0176125 0.0156556 0.0156556 0.0156556 0.0136986 0.0117417 0.00978474 0.00978474 0.00978474 0.00978474 0.00978474 
0.00978474 0.00978474 0.00978474 0.00978474 0.0117417 0.00978474 0.0117417 0.0156556 0.0176125 0.0234834 0.0410959 0.0508806 0.0645793 0.111546 0.156556 0.213307 0.272016 0.273973 0.225049 0.156556 0.0919765 0.0469667 0.0234834 0.0117417 0.00978474 0.00978474 0.00978474 0.00978474 
0.00978474 0.00978474 0.00978474 0.00978474 0.00978474 0.0117417 0.0156556 0.0156556 0.0215264 0.0410959 0.0626223 0.0978474 0.142857 0.225049 0.354207 0.477495 0.549902 0.559687 0.455969 0.328767 0.18591 0.0821918 0.0410959 0.0195695 0.0117417 0.00978474 0.00978474 0.00978474 
0.00978474 0.00978474 0.00978474 0.00978474 0.00978474 0.0156556 0.0156556 0.0195695 0.0313112 0.0606654 0.103718 0.16047 0.221135 0.348337 0.506849 0.604697 0.671233 0.632094 0.48728 0.322896 0.191781 0.0919765 0.0391389 0.0273973 0.0136986 0.00978474 0.00978474 0.00978474 
0.00978474 0.00978474 0.00978474 0.00978474 0.00978474 0.0156556 0.0176125 0.0234834 0.0391389 0.0939335 0.136986 0.221135 0.342466 0.481409 0.610568 0.684932 0.665362 0.549902 0.389432 0.25636 0.144814 0.0567515 0.035225 0.0254403 0.0136986 0.0117417 0.0117417 0.00978474 
0.00978474 0.00978474 0.0117417 0.00978474 0.00978474 0.0117417 0.0215264 0.0332681 0.0665362 0.11546 0.193738 0.311155 0.455969 0.60274 0.69863 0.682975 0.577299 0.39726 0.262231 0.142857 0.0645793 0.0391389 0.0234834 0.0176125 0.0136986 0.0117417 0.0117417 0.0117417 
0.00978474 0.00978474 0.00978474 0.00978474 0.00978474 0.0136986 0.0215264 0.0410959 0.0821918 0.168297 0.266145 0.405088 0.567515 0.684932 0.69863 0.587084 0.430528 0.270059 0.146771 0.0704501 0.035225 0.0234834 0.0215264 0.0156556 0.0136986 0.0117417 0.0117417 0.0117417 
0.00978474 0.00978474 0.00978474 0.00978474 0.00978474 0.0176125 0.0254403 0.0547945 0.121331 0.228963 0.35225 0.534247 0.659491 0.714286 0.636008 0.473581 0.297456 0.168297 0.0665362 0.0430528 0.0273973 0.0234834 0.0234834 0.0195695 0.0117417 0.00978474 0.0117417 0.00978474 
0.00978474 0.00978474 0.00978474 0.00978474 0.00978474 0.0195695 0.0410959 0.0841487 0.174168 0.295499 0.455969 0.641879 0.702544 0.690802 0.520548 0.348337 0.187867 0.072407 0.0450098 0.0391389 0.0430528 0.037182 0.0273973 0.0215264 0.0117417 0.00978474 0.00978474 0.00978474 
0.00978474 0.00978474 0.00978474 0.00978474 0.00978474 0.0176125 0.0626223 0.107632 0.228963 0.393346 0.573386 0.716243 0.7182 0.612524 0.418787 0.23092 0.121331 0.0802348 0.0900196 0.107632 0.105675 0.0782779 0.0587084 0.037182 0.0195695 0.0117417 0.00978474 0.00978474 
0.00978474 0.00978474 0.00978474 0.00978474 0.00978474 0.0313112 0.0684932 0.1409 0.279843 0.46771 0.667319 0.735812 0.684932 0.530333 0.320939 0.187867 0.170254 0.234834 0.273973 0.277887 0.236791 0.181996 0.105675 0.072407 0.0469667 0.0136986 0.00978474 0.00978474 
0.00978474 0.00978474 0.00978474 0.00978474 0.0117417 0.035225 0.0919765 0.183953 0.35225 0.577299 0.737769 0.757339 0.636008 0.452055 0.332681 0.324853 0.418787 0.479452 0.497065 0.471624 0.405088 0.299413 0.197652 0.111546 0.0665362 0.0273973 0.00978474 0.00978474 
0.00978474 0.00978474 0.00978474 0.00978474 0.0136986 0.0391389 0.117417 0.219178 0.455969 0.655577 0.767123 0.749511 0.589041 0.465753 0.455969 0.555773 0.649706 0.677104 0.651663 0.600783 0.53816 0.428571 0.25636 0.16047 0.0900196 0.037182 0.00978474 0.00978474 
0.00978474 0.00978474 0.00978474 0.00978474 0.0136986 0.0489237 0.142857 0.287671 0.528376 0.722113 0.786693 0.712329 0.565558 0.555773 0.657534 0.771037 0.816047 0.771037 0.696673 0.637965 0.590998 0.48728 0.317025 0.178082 0.0861057 0.035225 0.00978474 0.00978474 
0.00978474 0.00978474 0.00978474 0.00978474 0.0117417 0.0469667 0.162427 0.340509 0.592955 0.757339 0.786693 0.690802 0.606654 0.65362 0.729941 0.790607 0.751468 0.704501 0.67319 0.651663 0.616438 0.53229 0.336595 0.201566 0.0919765 0.0313112 0.00978474 0.00978474 
0.00978474 0.00978474 0.00978474 0.00978474 0.0117417 0.0567515 0.164384 0.35225 0.630137 0.78865 0.816047 0.7182 0.65362 0.712329 0.74364 0.706458 0.632094 0.606654 0.632094 0.694716 0.663405 0.518591 0.32681 0.174168 0.0880626 0.0332681 0.00978474 0.00978474 
0.00978474 0.00978474 0.00978474 0.00978474 0.0117417 0.0489237 0.162427 0.37182 0.630137 0.798434 0.847358 0.763209 0.722113 0.710372 0.669276 0.573386 0.565558 0.600783 0.706458 0.755382 0.661448 0.504892 0.279843 0.133072 0.074364 0.0273973 0.0117417 0.00978474 
0.00978474 0.00978474 0.00978474 0.00978474 0.0117417 0.0313112 0.131115 0.342466 0.587084 0.806262 0.878669 0.849315 0.819961 0.729941 0.659491 0.637965 0.682975 0.759296 0.796477 0.753425 0.610568 0.369863 0.21135 0.103718 0.0567515 0.0195695 0.0117417 0.00978474 
0.00978474 0.00978474 0.00978474 0.00978474 0.0117417 0.0215264 0.0919765 0.264188 0.499022 0.729941 0.874755 0.919765 0.876712 0.827789 0.818004 0.798434 0.847358 0.855186 0.810176 0.667319 0.436399 0.272016 0.11546 0.0704501 0.0293542 0.0117417 0.00978474 0.00978474 
0.00978474 0.00978474 0.00978474 0.00978474 0.0117417 0.0195695 0.0587084 0.170254 0.350294 0.577299 0.786693 0.900196 0.935421 0.931507 0.923679 0.902153 0.868885 0.804305 0.649706 0.448141 0.273973 0.131115 0.0665362 0.0332681 0.0156556 0.0117417 0.00978474 0.00978474 
0.00978474 0.00978474 0.00978474 0.00978474 0.00978474 0.0136986 0.0273973 0.0861057 0.178082 0.350294 0.561644 0.74364 0.851272 0.866928 0.863014 0.800391 0.716243 0.551859 0.375734 0.217221 0.121331 0.0528376 0.0293542 0.0136986 0.00978474 0.00978474 0.00978474 0.00978474 
0.00978474 0.00978474 0.00978474 0.00978474 0.00978474 0.00978474 0.0136986 0.037182 0.0528376 0.107632 0.199609 0.283757 0.354207 0.391389 0.375734 0.336595 0.273973 0.189824 0.119374 0.0684932 0.0293542 0.0176125 0.0117417 0.00978474 0.00978474 0.00978474 0.00978474 0.00978474 
0.00978474 0.00978474 0.00978474 0.00978474 0.00978474 0.00978474 0.00978474 0.0136986 0.0176125 0.0195695 0.0254403 0.0313112 0.0430528 0.0489237 0.0489237 0.0450098 0.037182 0.0254403 0.0195695 0.0176125 0.0136986 0.00978474 0.00978474 0.00978474 0.00978474 0.00978474 0.00978474 0.00978474 
0.00978474 0.00978474 0.00978474 0.00978474 0.00978474 0.00978474 0.00978474 0.00978474 0.00978474 0.00978474 0.00978474 0.00978474 0.00978474 0.00978474 0.00978474 0.00978474 0.00978474 0.00978474 0.00978474 0.00978474 0.00978474 0.00978474 0.00978474 0.00978474 0.00978474 0.00978474 0.00978474 0.00978474 
0.00978474 0.00978474 0.00978474 0.00978474 0.00978474 0.00978474 0.00978474 0.00978474 0.00978474 0.00978474 0.00978474 0.00978474 0.00978474 0.00978474 0.00978474 0.00978474 0.00978474 0.00978474 0.00978474 0.00978474 0.00978474 0.00978474 0.00978474 0.00978474 0.00978474 0.00978474 0.00978474 0.00978474 
0.00978474 0.00978474 0.00978474 0.00978474 0.00978474 0.00978474 0.00978474 0.00978474 0.00978474 0.00978474 0.00978474 0.00978474 0.00978474 0.00978474 0.00978474 0.00978474 0.00978474 0.00978474 0.00978474 0.00978474 0.00978474 0.00978474 0.00978474 0.00978474 0.00978474 0.00978474 0.00978474 0.00978474 
0.00978474 0.00978474 0.00978474 0.00978474 0.00978474 0.00978474 0.00978474 0.00978474 0.00978474 0.00978474 0.00978474 0.00978474 0.00978474 0.00978474 0.00978474 0.00978474 0.00978474 0.00978474 0.00978474 0.00978474 0.00978474 0.00978474 0.00978474 0.00978474 0.00978474 0.00978474 0.00978474 0.00978474 
0.00892857 0.00892857 0.00892857 0.00892857 0.00892857 0.00892857 0.00892857 0.00892857 0.00892857 0.00892857 0.00892857 0.00892857 0.00892857 0.00892857 0.00892857 0.00892857 0.00892857 0.00892857 0.00892857 0.00892857 0.00892857 0.00892857 0.00892857 0.00892857 0.00892857 0.00892857 0.00892857 0.00892857 
0.00892857 0.00892857 0.00892857 0.00892857 0.00892857 0.00892857 0.00892857 0.00892857 0.00892857 0.00892857 0.00892857 0.00892857 0.00892857 0.00892857 0.00892857 0.00892857 0.00892857 0.00892857 0.00892857 0.00892857 0.00892857 0.00892857 0.00892857 0.00892857 0.00892857 0.00892857 0.00892857 0.00892857 
0.00892857 0.00892857 0.00892857 0.00892857 0.00892857 0.00892857 0.00892857 0.00892857 0.00892857 0.00892857 0.00892857 0.00892857 0.00892857 0.00892857 0.00892857 0.00892857 0.00892857 0.00892857 0.00892857 0.00892857 0.00892857 0.00892857 0.00892857 0.00892857 0.00892857 0.00892857 0.00892857 0.00892857 
0.00892857 0.00892857 0.00892857 0.00892857 0.00892857 0.00892857 0.00892857 0.00892857 0.00892857 0.00892857 0.00892857 0.00892857 0.00892857 0.00892857 0.00892857 0.00892857 0.00892857 0.00892857 0.00892857 0.00892857 0.00892857 0.00892857 0.00892857 0.00892857 0.00892857 0.00892857 0.00892857 0.00892857 
0.00892857 0.00892857 0.00892857 0.00892857 0.00892857 0.00892857 0.00892857 0.00892857 0.00892857 0.00892857 0.00892857 0.0107143 0.0107143 0.0107143 0.0107143 0.0107143 0.00892857 0.00892857 0.00892857 0.00892857 0.00892857 0.00892857 0.00892857 0.00892857 0.00892857 0.00892857 0.00892857 0.00892857 
0.00892857 0.00892857 0.00892857 0.00892857 0.00892857 0.0107143 0.0107143 0.0160714 0.0178571 0.0196429 0.0232143 0.0232143 0.025 0.0232143 0.025 0.0232143 0.0214286 0.0142857 0.0107143 0.00892857 0.00892857 0.0107143 0.0107143 0.00892857 0.00892857 0.00892857 0.00892857 0.00892857 
0.00892857 0.00892857 0.00892857 0.00892857 0.0160714 0.0285714 0.0464286 0.0660714 0.0803571 0.0928571 0.126786 0.130357 0.151786 0.169643 0.175 0.171429 0.164286 0.142857 0.123214 0.0803571 0.0517857 0.0357143 0.0303571 0.0178571 0.00892857 0.00892857 0.00892857 0.00892857 
0.0107143 0.0107143 0.0125 0.025 0.0571429 0.0964286 0.173214 0.226786 0.307143 0.410714 0.460714 0.521429 0.5625 0.592857 0.614286 0.6125 0.625 0.598214 0.55 0.455357 0.316071 0.196429 0.0964286 0.0375 0.0142857 0.00892857 0.00892857 0.00892857 
0.0107143 0.0125 0.025 0.0571429 0.123214 0.2125 0.321429 0.451786 0.573214 0.658929 0.746429 0.792857 0.825 0.832143 0.842857 0.8625 0.85 0.825 0.8 0.6875 0.503571 0.353571 0.173214 0.0714286 0.0178571 0.00892857 0.00892857 0.00892857 
0.0107143 0.0178571 0.0357143 0.075 0.160714 0.283929 0.394643 0.557143 0.685714 0.782143 0.835714 0.860714 0.864286 0.860714 0.85 0.871429 0.908929 0.907143 0.867857 0.7625 0.601786 0.405357 0.205357 0.0839286 0.0196429 0.00892857 0.00892857 0.00892857 
0.00892857 0.0160714 0.0357143 0.0821429 0.178571 0.282143 0.394643 0.539286 0.648214 0.7125 0.741071 0.708929 0.655357 0.623214 0.6 0.642857 0.735714 0.846429 0.864286 0.773214 0.601786 0.391071 0.180357 0.0678571 0.0196429 0.00892857 0.00892857 0.00892857 
0.00892857 0.0142857 0.0285714 0.075 0.146429 0.201786 0.308929 0.439286 0.5125 0.541071 0.492857 0.428571 0.367857 0.326786 0.301786 0.421429 0.616071 0.773214 0.846429 0.751786 0.569643 0.341071 0.155357 0.0589286 0.0160714 0.00892857 0.00892857 0.00892857 
0.00892857 0.0107143 0.025 0.0589286 0.107143 0.153571 0.248214 0.316071 0.366071 0.367857 0.323214 0.244643 0.182143 0.158929 0.191071 0.3375 0.578571 0.7875 0.830357 0.683929 0.505357 0.276786 0.117857 0.0446429 0.0125 0.00892857 0.00892857 0.00892857 
0.00892857 0.0107143 0.0142857 0.0392857 0.0714286 0.101786 0.1625 0.217857 0.239286 0.244643 0.196429 0.1375 0.1 0.0910714 0.171429 0.391071 0.660714 0.816071 0.807143 0.644643 0.4 0.210714 0.0892857 0.0285714 0.0125 0.0107143 0.00892857 0.00892857 
0.00892857 0.00892857 0.0107143 0.0214286 0.0535714 0.0785714 0.119643 0.160714 0.175 0.15 0.1125 0.0892857 0.0839286 0.107143 0.232143 0.517857 0.755357 0.823214 0.783929 0.55 0.307143 0.164286 0.0785714 0.0375 0.0178571 0.0142857 0.00892857 0.00892857 
0.00892857 0.00892857 0.00892857 0.0142857 0.0428571 0.0642857 0.0839286 0.121429 0.116071 0.110714 0.105357 0.101786 0.114286 0.176786 0.407143 0.658929 0.826786 0.851786 0.710714 0.444643 0.273214 0.133929 0.0785714 0.0410714 0.0196429 0.0142857 0.00892857 0.00892857 
0.00892857 0.00892857 0.00892857 0.0125 0.0303571 0.0535714 0.0714286 0.0875 0.105357 0.105357 0.107143 0.125 0.151786 0.292857 0.567857 0.751786 0.85 0.807143 0.589286 0.373214 0.207143 0.105357 0.0553571 0.0339286 0.0160714 0.0107143 0.00892857 0.00892857 
0.00892857 0.00892857 0.00892857 0.0125 0.025 0.0375 0.0446429 0.0678571 0.0803571 0.0821429 0.1 0.142857 0.225 0.45 0.673214 0.826786 0.8375 0.666071 0.435714 0.2625 0.133929 0.0625 0.0410714 0.025 0.0178571 0.0125 0.00892857 0.00892857 
0.00892857 0.00892857 0.0125 0.0125 0.0160714 0.0160714 0.025 0.0357143 0.0535714 0.0589286 0.0892857 0.157143 0.325 0.542857 0.739286 0.8125 0.735714 0.505357 0.330357 0.167857 0.0875 0.0428571 0.0232143 0.0160714 0.0125 0.00892857 0.00892857 0.00892857 
0.00892857 0.00892857 0.0125 0.0107143 0.0107143 0.0107143 0.0125 0.0196429 0.025 0.0428571 0.1 0.223214 0.4375 0.621429 0.758929 0.767857 0.601786 0.378571 0.2375 0.0946429 0.0607143 0.0321429 0.0160714 0.0107143 0.0107143 0.00892857 0.00892857 0.00892857 
0.00892857 0.00892857 0.00892857 0.00892857 0.00892857 0.00892857 0.0125 0.0196429 0.0267857 0.075 0.171429 0.351786 0.523214 0.676786 0.735714 0.644643 0.483929 0.301786 0.164286 0.0714286 0.0464286 0.025 0.0142857 0.00892857 0.00892857 0.00892857 0.00892857 0.00892857 
0.00892857 0.00892857 0.00892857 0.00892857 0.00892857 0.0125 0.0160714 0.0267857 0.0625 0.144643 0.264286 0.444643 0.566071 0.675 0.6375 0.526786 0.401786 0.248214 0.121429 0.0553571 0.0392857 0.0214286 0.0107143 0.00892857 0.00892857 0.00892857 0.00892857 0.00892857 
0.00892857 0.00892857 0.00892857 0.00892857 0.0107143 0.0142857 0.0214286 0.0464286 0.1125 0.216071 0.376786 0.475 0.578571 0.6125 0.555357 0.460714 0.333929 0.201786 0.101786 0.0482143 0.0375 0.0232143 0.0142857 0.00892857 0.00892857 0.00892857 0.00892857 0.00892857 
0.00892857 0.00892857 0.00892857 0.00892857 0.0125 0.0232143 0.0357143 0.0964286 0.175 0.292857 0.405357 0.494643 0.55 0.517857 0.471429 0.401786 0.298214 0.164286 0.0892857 0.0446429 0.0357143 0.0196429 0.0125 0.00892857 0.00892857 0.00892857 0.00892857 0.00892857 
0.00892857 0.00892857 0.00892857 0.00892857 0.0142857 0.0285714 0.0589286 0.132143 0.232143 0.344643 0.423214 0.457143 0.491071 0.435714 0.414286 0.341071 0.267857 0.164286 0.0892857 0.0428571 0.0339286 0.0214286 0.0142857 0.00892857 0.00892857 0.00892857 0.00892857 0.00892857 
0.00892857 0.00892857 0.00892857 0.00892857 0.0107143 0.0321429 0.0767857 0.155357 0.242857 0.328571 0.375 0.405357 0.3875 0.3625 0.358929 0.2875 0.230357 0.153571 0.0821429 0.0410714 0.0303571 0.0214286 0.0160714 0.0107143 0.00892857 0.00892857 0.00892857 0.00892857 
0.00892857 0.00892857 0.00892857 0.00892857 0.0107143 0.0196429 0.0571429 0.107143 0.166071 0.201786 0.239286 0.260714 0.235714 0.216071 0.210714 0.198214 0.1375 0.103571 0.0625 0.0375 0.0267857 0.0196429 0.0142857 0.0107143 0.00892857 0.00892857 0.00892857 0.00892857 
0.00892857 0.00892857 0.00892857 0.00892857 0.00892857 0.0107143 0.0142857 0.0178571 0.0214286 0.0232143 0.0321429 0.0428571 0.0535714 0.0553571 0.0517857 0.0428571 0.0357143 0.0321429 0.0214286 0.0142857 0.0107143 0.0125 0.0125 0.00892857 0.00892857 0.00892857 0.00892857 0.00892857 
0.0105932 0.0105932 0.0105932 0.0105932 0.0105932 0.0105932 0.0105932 0.0105932 0.0105932 0.0105932 0.0105932 0.0105932 0.0105932 0.0105932 0.0105932 0.0105932 0.0105932 0.0105932 0.0105932 0.0105932 0.0105932 0.0105932 0.0105932 0.0105932 0.0105932 0.0105932 0.0105932 0.0105932 
0.0105932 0.0105932 0.0105932 0.0105932 0.0105932 0.0105932 0.0105932 0.0105932 0.0105932 0.0105932 0.0105932 0.0105932 0.0105932 0.0105932 0.0105932 0.0105932 0.0105932 0.0105932 0.0105932 0.0105932 0.0105932 0.0105932 0.0105932 0.0105932 0.0105932 0.0105932 0.0105932 0.0105932 
0.0105932 0.0105932 0.0105932 0.0105932 0.0105932 0.0105932 0.0105932 0.0105932 0.0105932 0.0105932 0.0105932 0.0105932 0.0105932 0.0105932 0.0105932 0.0105932 0.0105932 0.0105932 0.0105932 0.0105932 0.0105932 0.0105932 0.0105932 0.0105932 0.0105932 0.0105932 0.0105932 0.0105932 
0.0105932 0.0105932 0.0105932 0.0105932 0.0105932 0.0105932 0.0105932 0.0105932 0.0105932 0.0105932 0.0127119 0.0127119 0.0148305 0.0169492 0.0169492 0.0190678 0.0211864 0.0190678 0.0190678 0.0148305 0.0127119 0.0105932 0.0105932 0.0105932 0.0105932 0.0105932 0.0105932 0.0105932 
0.0105932 0.0105932 0.0105932 0.0105932 0.0105932 0.0127119 0.0105932 0.0127119 0.0148305 0.0190678 0.0275424 0.0529661 0.0911017 0.129237 0.177966 0.220339 0.235169 0.230932 0.194915 0.144068 0.0995763 0.0529661 0.0275424 0.0190678 0.0127119 0.0105932 0.0105932 0.0105932 
0.0105932 0.0105932 0.0105932 0.0105932 0.0105932 0.0105932 0.0127119 0.0169492 0.029661 0.0847458 0.165254 0.302966 0.413136 0.552966 0.675847 0.762712 0.792373 0.737288 0.637712 0.495763 0.349576 0.233051 0.127119 0.065678 0.0360169 0.0169492 0.0148305 0.0105932 
0.0105932 0.0105932 0.0105932 0.0105932 0.0127119 0.0105932 0.0211864 0.0444915 0.116525 0.235169 0.377119 0.540254 0.677966 0.813559 0.877119 0.881356 0.881356 0.84322 0.779661 0.65678 0.516949 0.375 0.235169 0.129237 0.0677966 0.0254237 0.0190678 0.0148305 
0.0105932 0.0105932 0.0105932 0.0105932 0.0127119 0.0190678 0.0381356 0.112288 0.222458 0.383475 0.529661 0.675847 0.752119 0.819915 0.819915 0.800847 0.769068 0.758475 0.741525 0.675847 0.572034 0.449153 0.317797 0.190678 0.095339 0.0338983 0.0211864 0.0148305 
0.0105932 0.0105932 0.0105932 0.0105932 0.0148305 0.0338983 0.0783898 0.158898 0.29661 0.480932 0.633475 0.713983 0.743644 0.686441 0.608051 0.542373 0.53178 0.565678 0.631356 0.631356 0.584746 0.502119 0.398305 0.230932 0.120763 0.0423729 0.0211864 0.0127119 
0.0105932 0.0105932 0.0105932 0.0105932 0.0233051 0.0466102 0.105932 0.180085 0.32839 0.506356 0.650424 0.680085 0.641949 0.529661 0.423729 0.336864 0.396186 0.506356 0.625 0.667373 0.641949 0.525424 0.385593 0.245763 0.125 0.0444915 0.0127119 0.0105932 
0.0105932 0.0105932 0.0105932 0.0105932 0.0233051 0.0572034 0.0995763 0.205508 0.302966 0.493644 0.633475 0.673729 0.620763 0.474576 0.370763 0.336864 0.442797 0.567797 0.699153 0.707627 0.661017 0.489407 0.307203 0.188559 0.0868644 0.0233051 0.0127119 0.0105932 
0.0105932 0.0105932 0.0105932 0.0105932 0.0233051 0.0572034 0.101695 0.194915 0.292373 0.434322 0.599576 0.675847 0.663136 0.572034 0.434322 0.470339 0.597458 0.735169 0.758475 0.690678 0.54661 0.366525 0.207627 0.101695 0.0402542 0.0211864 0.0127119 0.0127119 
0.0105932 0.0105932 0.0105932 0.0105932 0.0211864 0.0466102 0.0932203 0.152542 0.252119 0.398305 0.540254 0.686441 0.733051 0.682203 0.620763 0.701271 0.790254 0.815678 0.699153 0.550847 0.381356 0.211864 0.110169 0.0466102 0.0338983 0.0169492 0.0127119 0.0127119 
0.0105932 0.0105932 0.0105932 0.0105932 0.0190678 0.0360169 0.0677966 0.127119 0.207627 0.324153 0.466102 0.684322 0.82839 0.847458 0.830508 0.858051 0.894068 0.786017 0.557203 0.358051 0.20339 0.112288 0.0677966 0.0381356 0.0254237 0.0169492 0.0105932 0.0105932 
0.0105932 0.0105932 0.0105932 0.0105932 0.0105932 0.0275424 0.0487288 0.0932203 0.163136 0.258475 0.434322 0.680085 0.875 0.915254 0.930085 0.940678 0.885593 0.673729 0.423729 0.220339 0.120763 0.0699153 0.0423729 0.029661 0.0211864 0.0127119 0.0105932 0.0105932 
0.0105932 0.0105932 0.0105932 0.0105932 0.0105932 0.0190678 0.0381356 0.065678 0.122881 0.258475 0.472458 0.739407 0.889831 0.940678 0.925847 0.908898 0.779661 0.550847 0.347458 0.182203 0.114407 0.0614407 0.0338983 0.0317797 0.0211864 0.0105932 0.0105932 0.0105932 
0.0105932 0.0105932 0.0105932 0.0105932 0.0127119 0.0233051 0.0402542 0.0741525 0.158898 0.366525 0.601695 0.805085 0.872881 0.881356 0.830508 0.798729 0.707627 0.527542 0.36017 0.213983 0.125 0.0805085 0.0402542 0.029661 0.0211864 0.0105932 0.0105932 0.0105932 
0.0105932 0.0105932 0.0105932 0.0105932 0.0148305 0.0254237 0.0550847 0.148305 0.283898 0.514831 0.741525 0.824153 0.777542 0.705508 0.682203 0.658898 0.637712 0.53178 0.375 0.252119 0.148305 0.095339 0.0635593 0.0381356 0.0211864 0.0105932 0.0105932 0.0105932 
0.0105932 0.0105932 0.0105932 0.0105932 0.0148305 0.0402542 0.101695 0.243644 0.417373 0.644068 0.752119 0.754237 0.648305 0.550847 0.523305 0.588983 0.582627 0.525424 0.396186 0.269068 0.192797 0.116525 0.0741525 0.0423729 0.0211864 0.0105932 0.0105932 0.0105932 
0.0105932 0.0105932 0.0105932 0.0105932 0.0148305 0.065678 0.148305 0.324153 0.497881 0.677966 0.735169 0.627119 0.491525 0.455508 0.472458 0.538136 0.557203 0.512712 0.434322 0.309322 0.194915 0.125 0.0699153 0.0402542 0.0190678 0.0105932 0.0105932 0.0105932 
0.0105932 0.0105932 0.0105932 0.0105932 0.0169492 0.0805085 0.211864 0.375 0.557203 0.716102 0.663136 0.582627 0.48517 0.48517 0.533898 0.544492 0.569915 0.552966 0.457627 0.326271 0.199153 0.125 0.0614407 0.0360169 0.0169492 0.0105932 0.0105932 0.0105932 
0.0105932 0.0105932 0.0105932 0.0105932 0.0190678 0.0932203 0.211864 0.383475 0.565678 0.673729 0.705508 0.686441 0.663136 0.673729 0.680085 0.641949 0.610169 0.540254 0.42161 0.307203 0.180085 0.101695 0.0572034 0.0317797 0.0148305 0.0105932 0.0105932 0.0105932 
0.0105932 0.0105932 0.0105932 0.0105932 0.0148305 0.0826271 0.188559 0.351695 0.512712 0.658898 0.79661 0.84322 0.870763 0.847458 0.788136 0.701271 0.588983 0.495763 0.383475 0.25 0.139831 0.0677966 0.0508475 0.0233051 0.0148305 0.0105932 0.0105932 0.0105932 
0.0105932 0.0105932 0.0105932 0.0105932 0.0105932 0.0572034 0.141949 0.260593 0.404661 0.550847 0.701271 0.819915 0.866525 0.847458 0.743644 0.614407 0.493644 0.394068 0.262712 0.158898 0.0720339 0.0423729 0.0317797 0.0148305 0.0127119 0.0105932 0.0105932 0.0105932 
0.0105932 0.0105932 0.0105932 0.0105932 0.0105932 0.0254237 0.0720339 0.127119 0.209746 0.29661 0.398305 0.476695 0.519068 0.506356 0.440678 0.36017 0.279661 0.211864 0.131356 0.0762712 0.0444915 0.0317797 0.0148305 0.0105932 0.0105932 0.0105932 0.0105932 0.0105932 
0.0105932 0.0105932 0.0105932 0.0105932 0.0105932 0.0105932 0.0105932 0.0169492 0.0190678 0.0233051 0.029661 0.0402542 0.0508475 0.0572034 0.0572034 0.0466102 0.0360169 0.0254237 0.0233051 0.0211864 0.0148305 0.0105932 0.0105932 0.0105932 0.0105932 0.0105932 0.0105932 0.0105932 
0.0105932 0.0105932 0.0105932 0.0105932 0.0105932 0.0105932 0.0105932 0.0105932 0.0105932 0.0105932 0.0105932 0.0105932 0.0105932 0.0105932 0.0105932 0.0105932 0.0105932 0.0105932 0.0105932 0.0105932 0.0105932 0.0127119 0.0127119 0.0127119 0.0105932 0.0105932 0.0105932 0.0105932 
0.0105932 0.0105932 0.0105932 0.0105932 0.0105932 0.0105932 0.0105932 0.0105932 0.0105932 0.0105932 0.0105932 0.0105932 0.0105932 0.0105932 0.0105932 0.0105932 0.0105932 0.0105932 0.0105932 0.0105932 0.0105932 0.0105932 0.0105932 0.0105932 0.0105932 0.0105932 0.0105932 0.0105932 
0.00990099 0.00990099 0.00990099 0.00990099 0.00990099 0.00990099 0.00990099 0.00990099 0.00990099 0.00990099 0.00990099 0.00990099 0.00990099 0.00990099 0.00990099 0.00990099 0.00990099 0.00990099 0.00990099 0.00990099 0.00990099 0.00990099 0.00990099 0.00990099 0.00990099 0.00990099 0.00990099 0.00990099 
0.00990099 0.00990099 0.00990099 0.00990099 0.00990099 0.00990099 0.00990099 0.00990099 0.00990099 0.00990099 0.00990099 0.00990099 0.00990099 0.00990099 0.00990099 0.00990099 0.00990099 0.00990099 0.00990099 0.00990099 0.00990099 0.00990099 0.00990099 0.00990099 0.00990099 0.00990099 0.00990099 0.00990099 
0.00990099 0.00990099 0.00990099 0.00990099 0.00990099 0.00990099 0.00990099 0.00990099 0.00990099 0.00990099 0.00990099 0.00990099 0.00990099 0.00990099 0.00990099 0.00990099 0.00990099 0.00990099 0.00990099 0.00990099 0.00990099 0.00990099 0.00990099 0.00990099 0.00990099 0.00990099 0.00990099 0.00990099 
0.00990099 0.00990099 0.00990099 0.00990099 0.00990099 0.00990099 0.00990099 0.00990099 0.00990099 0.00990099 0.00990099 0.00990099 0.00990099 0.00990099 0.00990099 0.00990099 0.00990099 0.00990099 0.00990099 0.00990099 0.00990099 0.00990099 0.00990099 0.00990099 0.00990099 0.00990099 0.00990099 0.00990099 
0.00990099 0.00990099 0.00990099 0.00990099 0.00990099 0.00990099 0.00990099 0.00990099 0.00990099 0.00990099 0.0118812 0.0138614 0.0158416 0.0158416 0.0158416 0.0158416 0.0158416 0.0118812 0.00990099 0.00990099 0.00990099 0.00990099 0.00990099 0.00990099 0.00990099 0.00990099 0.00990099 0.00990099 
0.00990099 0.00990099 0.00990099 0.00990099 0.00990099 0.00990099 0.00990099 0.00990099 0.00990099 0.0118812 0.019802 0.0356436 0.0475248 0.049505 0.0594059 0.0673267 0.0554455 0.049505 0.0336634 0.0237624 0.0217822 0.0118812 0.00990099 0.00990099 0.00990099 0.00990099 0.00990099 0.00990099 
0.00990099 0.00990099 0.00990099 0.00990099 0.00990099 0.00990099 0.0138614 0.0178218 0.029703 0.0693069 0.126733 0.19802 0.346535 0.487129 0.578218 0.609901 0.586139 0.49703 0.376238 0.263366 0.156436 0.0693069 0.0158416 0.0118812 0.00990099 0.00990099 0.00990099 0.00990099 
0.00990099 0.00990099 0.00990099 0.00990099 0.00990099 0.0138614 0.0217822 0.0475248 0.0930693 0.190099 0.326733 0.518812 0.734653 0.855446 0.934653 0.930693 0.90495 0.823762 0.655446 0.477228 0.30297 0.146535 0.049505 0.0257426 0.0138614 0.00990099 0.00990099 0.00990099 
0.00990099 0.00990099 0.00990099 0.00990099 0.0138614 0.0217822 0.0554455 0.112871 0.192079 0.360396 0.588119 0.811881 0.90495 0.906931 0.881188 0.829703 0.823762 0.829703 0.750495 0.60198 0.4 0.215842 0.0910891 0.029703 0.0138614 0.00990099 0.00990099 0.00990099 
0.00990099 0.00990099 0.00990099 0.00990099 0.0178218 0.0475248 0.0950495 0.182178 0.336634 0.574257 0.79604 0.865347 0.829703 0.679208 0.584158 0.526733 0.59802 0.69505 0.730693 0.645545 0.443564 0.233663 0.106931 0.039604 0.0118812 0.00990099 0.00990099 0.00990099 
0.00990099 0.00990099 0.00990099 0.00990099 0.0237624 0.0772277 0.128713 0.267327 0.469307 0.758416 0.809901 0.784158 0.6 0.382178 0.237624 0.283168 0.443564 0.663366 0.748515 0.708911 0.489109 0.253465 0.120792 0.039604 0.0158416 0.00990099 0.00990099 0.00990099 
0.00990099 0.00990099 0.00990099 0.00990099 0.0336634 0.0990099 0.174257 0.356436 0.594059 0.782178 0.758416 0.617822 0.346535 0.178218 0.170297 0.306931 0.546535 0.768317 0.819802 0.718812 0.487129 0.249505 0.10099 0.0257426 0.0138614 0.0118812 0.00990099 0.00990099 
0.00990099 0.00990099 0.00990099 0.0138614 0.039604 0.106931 0.219802 0.447525 0.639604 0.768317 0.718812 0.451485 0.289109 0.225743 0.318812 0.512871 0.740594 0.875248 0.839604 0.708911 0.431683 0.209901 0.0574257 0.019802 0.0118812 0.0118812 0.00990099 0.00990099 
0.00990099 0.00990099 0.00990099 0.0178218 0.0455446 0.106931 0.227723 0.477228 0.649505 0.752475 0.677228 0.491089 0.409901 0.471287 0.570297 0.736634 0.857426 0.926733 0.835644 0.621782 0.340594 0.132673 0.0514851 0.0138614 0.0118812 0.0118812 0.0118812 0.00990099 
0.00990099 0.00990099 0.00990099 0.0178218 0.0415842 0.10495 0.211881 0.427723 0.609901 0.704951 0.704951 0.635644 0.633663 0.661386 0.746535 0.835644 0.916832 0.934653 0.782178 0.50297 0.233663 0.10297 0.0435644 0.0158416 0.00990099 0.0118812 0.0118812 0.00990099 
0.00990099 0.00990099 0.00990099 0.0158416 0.0336634 0.0950495 0.174257 0.350495 0.530693 0.621782 0.675248 0.685149 0.691089 0.704951 0.768317 0.859406 0.918812 0.891089 0.677228 0.380198 0.174257 0.0673267 0.0376238 0.0138614 0.00990099 0.0118812 0.0138614 0.00990099 
0.00990099 0.00990099 0.00990099 0.0138614 0.0237624 0.0594059 0.130693 0.237624 0.384158 0.493069 0.578218 0.59604 0.605941 0.631683 0.70099 0.839604 0.90297 0.79604 0.550495 0.291089 0.128713 0.0633663 0.0257426 0.0118812 0.00990099 0.0118812 0.0118812 0.00990099 
0.00990099 0.00990099 0.0118812 0.0138614 0.0138614 0.0376238 0.0792079 0.138614 0.211881 0.306931 0.376238 0.40198 0.425743 0.520792 0.671287 0.805941 0.835644 0.70099 0.445545 0.239604 0.116832 0.0455446 0.0237624 0.0158416 0.00990099 0.00990099 0.00990099 0.00990099 
0.00990099 0.00990099 0.0118812 0.0118812 0.0118812 0.0217822 0.0356436 0.0653465 0.110891 0.156436 0.194059 0.231683 0.312871 0.461386 0.663366 0.752475 0.752475 0.580198 0.366337 0.219802 0.10099 0.039604 0.029703 0.019802 0.0118812 0.00990099 0.00990099 0.00990099 
0.00990099 0.00990099 0.00990099 0.0118812 0.0118812 0.019802 0.0257426 0.0415842 0.0554455 0.0693069 0.122772 0.186139 0.293069 0.469307 0.615842 0.661386 0.627723 0.459406 0.30297 0.194059 0.10495 0.0356436 0.029703 0.0178218 0.0158416 0.00990099 0.00990099 0.00990099 
0.00990099 0.00990099 0.00990099 0.0118812 0.0118812 0.0138614 0.0257426 0.0277228 0.0336634 0.0712871 0.106931 0.188119 0.350495 0.506931 0.584158 0.580198 0.504951 0.39802 0.265347 0.176238 0.10297 0.0455446 0.029703 0.0178218 0.0158416 0.00990099 0.00990099 0.00990099 
0.00990099 0.00990099 0.00990099 0.00990099 0.0118812 0.0138614 0.0217822 0.0316832 0.049505 0.0910891 0.168317 0.285149 0.407921 0.49901 0.548515 0.526733 0.451485 0.316832 0.247525 0.168317 0.10495 0.0594059 0.029703 0.0178218 0.0158416 0.00990099 0.00990099 0.00990099 
0.00990099 0.00990099 0.00990099 0.00990099 0.00990099 0.0118812 0.0237624 0.0415842 0.0772277 0.136634 0.227723 0.338614 0.445545 0.489109 0.493069 0.443564 0.370297 0.29505 0.241584 0.180198 0.116832 0.0633663 0.029703 0.0178218 0.0158416 0.00990099 0.00990099 0.00990099 
0.00990099 0.00990099 0.00990099 0.00990099 0.0118812 0.0138614 0.0257426 0.0633663 0.112871 0.180198 0.289109 0.356436 0.427723 0.439604 0.429703 0.386139 0.324752 0.281188 0.241584 0.168317 0.126733 0.0693069 0.0356436 0.0217822 0.0138614 0.00990099 0.00990099 0.00990099 
0.00990099 0.00990099 0.00990099 0.00990099 0.0138614 0.019802 0.0356436 0.0752475 0.130693 0.207921 0.29901 0.352475 0.388119 0.372277 0.354455 0.328713 0.291089 0.253465 0.227723 0.156436 0.108911 0.0712871 0.0415842 0.0237624 0.0118812 0.00990099 0.00990099 0.00990099 
0.00990099 0.00990099 0.00990099 0.00990099 0.0118812 0.0217822 0.0415842 0.0792079 0.132673 0.194059 0.261386 0.29901 0.29901 0.289109 0.273267 0.251485 0.235644 0.209901 0.180198 0.114851 0.0891089 0.0613861 0.0356436 0.0178218 0.0138614 0.00990099 0.00990099 0.00990099 
0.00990099 0.00990099 0.00990099 0.0118812 0.0138614 0.0158416 0.0217822 0.0336634 0.0534653 0.0693069 0.0811881 0.0871287 0.0910891 0.0871287 0.0930693 0.0831683 0.0772277 0.0712871 0.0594059 0.0356436 0.029703 0.0237624 0.0158416 0.0118812 0.00990099 0.00990099 0.00990099 0.00990099 
0.00990099 0.00990099 0.00990099 0.00990099 0.00990099 0.00990099 0.00990099 0.00990099 0.00990099 0.00990099 0.00990099 0.00990099 0.0118812 0.0118812 0.0138614 0.0118812 0.0118812 0.00990099 0.0118812 0.0138614 0.0118812 0.00990099 0.00990099 0.00990099 0.00990099 0.00990099 0.00990099 0.00990099 
